year	month	day	hour	minute	second	valid_flag
2017	1	26	12	53	32.106	1
2017	1	26	12	53	32.114	1
2017	1	26	12	53	32.122	1
2017	1	26	12	53	32.131	1
2017	1	26	12	53	32.139	1
2017	1	26	12	53	32.147	1
2017	1	26	12	53	32.156	1
2017	1	26	12	53	32.165	1
2017	1	26	12	53	32.172	1
2017	1	26	12	53	32.182	1
2017	1	26	12	53	32.189	1
2017	1	26	12	53	32.197	1
2017	1	26	12	53	32.206	1
2017	1	26	12	53	32.215	1
2017	1	26	12	53	32.229	1
2017	1	26	12	53	32.231	1
2017	1	26	12	53	32.247	1
2017	1	26	12	53	32.249	1
2017	1	26	12	53	32.263	1
2017	1	26	12	53	32.265	1
2017	1	26	12	53	32.28	1
2017	1	26	12	53	32.281	1
2017	1	26	12	53	32.289	1
2017	1	26	12	53	32.298	1
2017	1	26	12	53	32.305	1
2017	1	26	12	53	32.314	1
2017	1	26	12	53	32.322	1
2017	1	26	12	53	32.331	1
2017	1	26	12	53	32.341	1
2017	1	26	12	53	32.347	1
2017	1	26	12	53	32.355	1
2017	1	26	12	53	32.364	1
2017	1	26	12	53	32.372	1
2017	1	26	12	53	32.38	1
2017	1	26	12	53	32.389	1
2017	1	26	12	53	32.397	1
2017	1	26	12	53	32.405	1
2017	1	26	12	53	32.416	1
2017	1	26	12	53	32.422	1
2017	1	26	12	53	32.432	1
2017	1	26	12	53	32.438	1
2017	1	26	12	53	32.448	1
2017	1	26	12	53	32.456	1
2017	1	26	12	53	32.464	1
2017	1	26	12	53	32.48	1
2017	1	26	12	53	32.482	1
2017	1	26	12	53	32.497	1
2017	1	26	12	53	32.501	1
2017	1	26	12	53	32.514	1
2017	1	26	12	53	32.514	1
2017	1	26	12	53	32.53	1
2017	1	26	12	53	32.532	1
2017	1	26	12	53	32.547	1
2017	1	26	12	53	32.549	1
2017	1	26	12	53	32.555	1
2017	1	26	12	53	32.565	1
2017	1	26	12	53	32.572	1
2017	1	26	12	53	32.582	1
2017	1	26	12	53	32.589	1
2017	1	26	12	53	32.597	1
2017	1	26	12	53	32.607	1
2017	1	26	12	53	32.614	1
2017	1	26	12	53	32.622	1
2017	1	26	12	53	32.63	1
2017	1	26	12	53	32.639	1
2017	1	26	12	53	32.647	1
2017	1	26	12	53	32.655	1
2017	1	26	12	53	32.665	1
2017	1	26	12	53	32.672	1
2017	1	26	12	53	32.683	1
2017	1	26	12	53	32.689	1
2017	1	26	12	53	32.699	1
2017	1	26	12	53	32.705	1
2017	1	26	12	53	32.715	1
2017	1	26	12	53	32.73	1
2017	1	26	12	53	32.73	1
2017	1	26	12	53	32.747	1
2017	1	26	12	53	32.748	1
2017	1	26	12	53	32.764	1
2017	1	26	12	53	32.766	1
2017	1	26	12	53	32.78	1
2017	1	26	12	53	32.782	1
2017	1	26	12	53	32.797	1
2017	1	26	12	53	32.797	1
2017	1	26	12	53	32.813	1
2017	1	26	12	53	32.814	1
2017	1	26	12	53	32.822	1
2017	1	26	12	53	32.832	1
2017	1	26	12	53	32.839	1
2017	1	26	12	53	32.849	1
2017	1	26	12	53	32.856	1
2017	1	26	12	53	32.865	1
2017	1	26	12	53	32.872	1
2017	1	26	12	53	32.881	1
2017	1	26	12	53	32.89	1
2017	1	26	12	53	32.897	1
2017	1	26	12	53	32.906	1
2017	1	26	12	53	32.914	1
2017	1	26	12	53	32.922	1
2017	1	26	12	53	32.931	1
2017	1	26	12	53	32.939	1
2017	1	26	12	53	32.948	1
2017	1	26	12	53	32.955	1
2017	1	26	12	53	32.965	1
2017	1	26	12	53	32.972	1
2017	1	26	12	53	32.982	1
2017	1	26	12	53	32.989	1
2017	1	26	12	53	32.997	1
2017	1	26	12	53	33.013	1
2017	1	26	12	53	33.016	1
2017	1	26	12	53	33.03	1
2017	1	26	12	53	33.032	1
2017	1	26	12	53	33.047	1
2017	1	26	12	53	33.047	1
2017	1	26	12	53	33.063	1
2017	1	26	12	53	33.065	1
2017	1	26	12	53	33.08	1
2017	1	26	12	53	33.082	1
2017	1	26	12	53	33.089	1
2017	1	26	12	53	33.099	1
2017	1	26	12	53	33.106	1
2017	1	26	12	53	33.115	1
2017	1	26	12	53	33.122	1
2017	1	26	12	53	33.131	1
2017	1	26	12	53	33.139	1
2017	1	26	12	53	33.148	1
2017	1	26	12	53	33.163	1
2017	1	26	12	53	33.164	1
2017	1	26	12	53	33.18	1
2017	1	26	12	53	33.182	1
2017	1	26	12	53	33.189	1
2017	1	26	12	53	33.197	1
2017	1	26	12	53	33.205	1
2017	1	26	12	53	33.214	1
2017	1	26	12	53	33.222	1
2017	1	26	12	53	33.231	1
2017	1	26	12	53	33.239	1
2017	1	26	12	53	33.248	1
2017	1	26	12	53	33.255	1
2017	1	26	12	53	33.264	1
2017	1	26	12	53	33.272	1
2017	1	26	12	53	33.282	1
2017	1	26	12	53	33.297	1
2017	1	26	12	53	33.298	1
2017	1	26	12	53	33.313	1
2017	1	26	12	53	33.315	1
2017	1	26	12	53	33.33	1
2017	1	26	12	53	33.332	1
2017	1	26	12	53	33.347	1
2017	1	26	12	53	33.347	1
2017	1	26	12	53	33.356	1
2017	1	26	12	53	33.365	1
2017	1	26	12	53	33.372	1
2017	1	26	12	53	33.381	1
2017	1	26	12	53	33.389	1
2017	1	26	12	53	33.398	1
2017	1	26	12	53	33.405	1
2017	1	26	12	53	33.415	1
2017	1	26	12	53	33.43	1
2017	1	26	12	53	33.432	1
2017	1	26	12	53	33.447	1
2017	1	26	12	53	33.448	1
2017	1	26	12	53	33.463	1
2017	1	26	12	53	33.464	1
2017	1	26	12	53	33.472	1
2017	1	26	12	53	33.482	1
2017	1	26	12	53	33.488	1
2017	1	26	12	53	33.498	1
2017	1	26	12	53	33.505	1
2017	1	26	12	53	33.516	1
2017	1	26	12	53	33.523	1
2017	1	26	12	53	33.531	1
2017	1	26	12	53	33.547	1
2017	1	26	12	53	33.549	1
2017	1	26	12	53	33.564	1
2017	1	26	12	53	33.567	1
2017	1	26	12	53	33.58	1
2017	1	26	12	53	33.581	1
2017	1	26	12	53	33.597	1
2017	1	26	12	53	33.614	1
2017	1	26	12	53	33.614	1
2017	1	26	12	53	33.614	1
2017	1	26	12	53	33.622	1
2017	1	26	12	53	33.632	1
2017	1	26	12	53	33.639	1
2017	1	26	12	53	33.65	1
2017	1	26	12	53	33.655	1
2017	1	26	12	53	33.665	1
2017	1	26	12	53	33.672	1
2017	1	26	12	53	33.682	1
2017	1	26	12	53	33.697	1
2017	1	26	12	53	33.698	1
2017	1	26	12	53	33.713	1
2017	1	26	12	53	33.715	1
2017	1	26	12	53	33.73	1
2017	1	26	12	53	33.733	1
2017	1	26	12	53	33.747	1
2017	1	26	12	53	33.749	1
2017	1	26	12	53	33.756	1
2017	1	26	12	53	33.765	1
2017	1	26	12	53	33.78	1
2017	1	26	12	53	33.782	1
2017	1	26	12	53	33.797	1
2017	1	26	12	53	33.797	1
2017	1	26	12	53	33.813	1
2017	1	26	12	53	33.815	1
2017	1	26	12	53	33.822	1
2017	1	26	12	53	33.832	1
2017	1	26	12	53	33.839	1
2017	1	26	12	53	33.848	1
2017	1	26	12	53	33.856	1
2017	1	26	12	53	33.865	1
2017	1	26	12	53	33.88	1
2017	1	26	12	53	33.882	1
2017	1	26	12	53	33.889	1
2017	1	26	12	53	33.897	1
2017	1	26	12	53	33.907	1
2017	1	26	12	53	33.914	1
2017	1	26	12	53	33.922	1
2017	1	26	12	53	33.93	1
2017	1	26	12	53	33.939	1
2017	1	26	12	53	33.947	1
2017	1	26	12	53	33.955	1
2017	1	26	12	53	33.965	1
2017	1	26	12	53	33.972	1
2017	1	26	12	53	33.981	1
2017	1	26	12	53	33.989	1
2017	1	26	12	53	33.998	1
2017	1	26	12	53	34.006	1
2017	1	26	12	53	34.015	1
2017	1	26	12	53	34.022	1
2017	1	26	12	53	34.032	1
2017	1	26	12	53	34.046	1
2017	1	26	12	53	34.048	1
2017	1	26	12	53	34.063	1
2017	1	26	12	53	34.064	1
2017	1	26	12	53	34.08	1
2017	1	26	12	53	34.082	1
2017	1	26	12	53	34.097	1
2017	1	26	12	53	34.097	1
2017	1	26	12	53	34.106	1
2017	1	26	12	53	34.115	1
2017	1	26	12	53	34.122	1
2017	1	26	12	53	34.132	1
2017	1	26	12	53	34.139	1
2017	1	26	12	53	34.148	1
2017	1	26	12	53	34.155	1
2017	1	26	12	53	34.165	1
2017	1	26	12	53	34.172	1
2017	1	26	12	53	34.182	1
2017	1	26	12	53	34.197	1
2017	1	26	12	53	34.197	1
2017	1	26	12	53	34.213	1
2017	1	26	12	53	34.214	1
2017	1	26	12	53	34.23	1
2017	1	26	12	53	34.232	1
2017	1	26	12	53	34.247	1
2017	1	26	12	53	34.247	1
2017	1	26	12	53	34.255	1
2017	1	26	12	53	34.264	1
2017	1	26	12	53	34.272	1
2017	1	26	12	53	34.281	1
2017	1	26	12	53	34.289	1
2017	1	26	12	53	34.297	1
2017	1	26	12	53	34.305	1
2017	1	26	12	53	34.314	1
2017	1	26	12	53	34.324	1
2017	1	26	12	53	34.33	1
2017	1	26	12	53	34.339	1
2017	1	26	12	53	34.347	1
2017	1	26	12	53	34.355	1
2017	1	26	12	53	34.364	1
2017	1	26	12	53	34.372	1
2017	1	26	12	53	34.381	1
2017	1	26	12	53	34.389	1
2017	1	26	12	53	34.398	1
2017	1	26	12	53	34.406	1
2017	1	26	12	53	34.416	1
2017	1	26	12	53	34.422	1
2017	1	26	12	53	34.432	1
2017	1	26	12	53	34.439	1
2017	1	26	12	53	34.448	1
2017	1	26	12	53	34.456	1
2017	1	26	12	53	34.466	1
2017	1	26	12	53	34.48	1
2017	1	26	12	53	34.482	1
2017	1	26	12	53	34.497	1
2017	1	26	12	53	34.499	1
2017	1	26	12	53	34.513	1
2017	1	26	12	53	34.514	1
2017	1	26	12	53	34.53	1
2017	1	26	12	53	34.53	1
2017	1	26	12	53	34.547	1
2017	1	26	12	53	34.549	1
2017	1	26	12	53	34.556	1
2017	1	26	12	53	34.565	1
2017	1	26	12	53	34.572	1
2017	1	26	12	53	34.582	1
2017	1	26	12	53	34.589	1
2017	1	26	12	53	34.597	1
2017	1	26	12	53	34.607	1
2017	1	26	12	53	34.614	1
2017	1	26	12	53	34.622	1
2017	1	26	12	53	34.631	1
2017	1	26	12	53	34.64	1
2017	1	26	12	53	34.647	1
2017	1	26	12	53	34.655	1
2017	1	26	12	53	34.664	1
2017	1	26	12	53	34.672	1
2017	1	26	12	53	34.681	1
2017	1	26	12	53	34.689	1
2017	1	26	12	53	34.698	1
2017	1	26	12	53	34.705	1
2017	1	26	12	53	34.717	1
2017	1	26	12	53	34.722	1
2017	1	26	12	53	34.731	1
2017	1	26	12	53	34.746	1
2017	1	26	12	53	34.748	1
2017	1	26	12	53	34.763	1
2017	1	26	12	53	34.764	1
2017	1	26	12	53	34.78	1
2017	1	26	12	53	34.782	1
2017	1	26	12	53	34.796	1
2017	1	26	12	53	34.798	1
2017	1	26	12	53	34.814	1
2017	1	26	12	53	34.815	1
2017	1	26	12	53	34.822	1
2017	1	26	12	53	34.832	1
2017	1	26	12	53	34.839	1
2017	1	26	12	53	34.849	1
2017	1	26	12	53	34.855	1
2017	1	26	12	53	34.864	1
2017	1	26	12	53	34.872	1
2017	1	26	12	53	34.882	1
2017	1	26	12	53	34.889	1
2017	1	26	12	53	34.899	1
2017	1	26	12	53	34.913	1
2017	1	26	12	53	34.915	1
2017	1	26	12	53	34.93	1
2017	1	26	12	53	34.932	1
2017	1	26	12	53	34.939	1
2017	1	26	12	53	34.947	1
2017	1	26	12	53	34.955	1
2017	1	26	12	53	34.964	1
2017	1	26	12	53	34.972	1
2017	1	26	12	53	34.982	1
2017	1	26	12	53	34.989	1
2017	1	26	12	53	34.998	1
2017	1	26	12	53	35.005	1
2017	1	26	12	53	35.016	1
2017	1	26	12	53	35.022	1
2017	1	26	12	53	35.032	1
2017	1	26	12	53	35.047	1
2017	1	26	12	53	35.048	1
2017	1	26	12	53	35.064	1
2017	1	26	12	53	35.064	1
2017	1	26	12	53	35.08	1
2017	1	26	12	53	35.08	1
2017	1	26	12	53	35.097	1
2017	1	26	12	53	35.098	1
2017	1	26	12	53	35.113	1
2017	1	26	12	53	35.115	1
2017	1	26	12	53	35.122	1
2017	1	26	12	53	35.13	1
2017	1	26	12	53	35.139	1
2017	1	26	12	53	35.149	1
2017	1	26	12	53	35.155	1
2017	1	26	12	53	35.165	1
2017	1	26	12	53	35.172	1
2017	1	26	12	53	35.181	1
2017	1	26	12	53	35.196	1
2017	1	26	12	53	35.197	1
2017	1	26	12	53	35.213	1
2017	1	26	12	53	35.215	1
2017	1	26	12	53	35.23	1
2017	1	26	12	53	35.232	1
2017	1	26	12	53	35.247	1
2017	1	26	12	53	35.247	1
2017	1	26	12	53	35.263	1
2017	1	26	12	53	35.264	1
2017	1	26	12	53	35.272	1
2017	1	26	12	53	35.282	1
2017	1	26	12	53	35.288	1
2017	1	26	12	53	35.298	1
2017	1	26	12	53	35.305	1
2017	1	26	12	53	35.315	1
2017	1	26	12	53	35.33	1
2017	1	26	12	53	35.332	1
2017	1	26	12	53	35.347	1
2017	1	26	12	53	35.349	1
2017	1	26	12	53	35.363	1
2017	1	26	12	53	35.365	1
2017	1	26	12	53	35.38	1
2017	1	26	12	53	35.381	1
2017	1	26	12	53	35.397	1
2017	1	26	12	53	35.398	1
2017	1	26	12	53	35.406	1
2017	1	26	12	53	35.415	1
2017	1	26	12	53	35.422	1
2017	1	26	12	53	35.432	1
2017	1	26	12	53	35.439	1
2017	1	26	12	53	35.449	1
2017	1	26	12	53	35.455	1
2017	1	26	12	53	35.465	1
2017	1	26	12	53	35.48	1
2017	1	26	12	53	35.482	1
2017	1	26	12	53	35.497	1
2017	1	26	12	53	35.498	1
2017	1	26	12	53	35.513	1
2017	1	26	12	53	35.515	1
2017	1	26	12	53	35.53	1
2017	1	26	12	53	35.533	1
2017	1	26	12	53	35.546	1
2017	1	26	12	53	35.548	1
2017	1	26	12	53	35.563	1
2017	1	26	12	53	35.563	1
2017	1	26	12	53	35.572	1
2017	1	26	12	53	35.581	1
2017	1	26	12	53	35.589	1
2017	1	26	12	53	35.598	1
2017	1	26	12	53	35.605	1
2017	1	26	12	53	35.615	1
2017	1	26	12	53	35.622	1
2017	1	26	12	53	35.631	1
2017	1	26	12	53	35.64	1
2017	1	26	12	53	35.647	1
2017	1	26	12	53	35.656	1
2017	1	26	12	53	35.664	1
2017	1	26	12	53	35.672	1
2017	1	26	12	53	35.68	1
2017	1	26	12	53	35.689	1
2017	1	26	12	53	35.698	1
2017	1	26	12	53	35.706	1
2017	1	26	12	53	35.715	1
2017	1	26	12	53	35.722	1
2017	1	26	12	53	35.732	1
2017	1	26	12	53	35.739	1
2017	1	26	12	53	35.749	1
2017	1	26	12	53	35.756	1
2017	1	26	12	53	35.765	1
2017	1	26	12	53	35.78	1
2017	1	26	12	53	35.782	1
2017	1	26	12	53	35.797	1
2017	1	26	12	53	35.797	1
2017	1	26	12	53	35.813	1
2017	1	26	12	53	35.814	1
2017	1	26	12	53	35.83	1
2017	1	26	12	53	35.846	1
2017	1	26	12	53	35.847	1
2017	1	26	12	53	35.847	1
2017	1	26	12	53	35.855	1
2017	1	26	12	53	35.867	1
2017	1	26	12	53	35.872	1
2017	1	26	12	53	35.882	1
2017	1	26	12	53	35.889	1
2017	1	26	12	53	35.898	1
2017	1	26	12	53	35.905	1
2017	1	26	12	53	35.915	1
2017	1	26	12	53	35.93	1
2017	1	26	12	53	35.93	1
2017	1	26	12	53	35.947	1
2017	1	26	12	53	35.949	1
2017	1	26	12	53	35.963	1
2017	1	26	12	53	35.965	1
2017	1	26	12	53	35.972	1
2017	1	26	12	53	35.997	1
2017	1	26	12	53	35.997	1
2017	1	26	12	53	35.997	1
2017	1	26	12	53	36.006	1
2017	1	26	12	53	36.014	1
2017	1	26	12	53	36.022	1
2017	1	26	12	53	36.03	1
2017	1	26	12	53	36.039	1
2017	1	26	12	53	36.047	1
2017	1	26	12	53	36.058	1
2017	1	26	12	53	36.064	1
2017	1	26	12	53	36.072	1
2017	1	26	12	53	36.081	1
2017	1	26	12	53	36.089	1
2017	1	26	12	53	36.097	1
2017	1	26	12	53	36.106	1
2017	1	26	12	53	36.115	1
2017	1	26	12	53	36.122	1
2017	1	26	12	53	36.132	1
2017	1	26	12	53	36.139	1
2017	1	26	12	53	36.148	1
2017	1	26	12	53	36.155	1
2017	1	26	12	53	36.165	1
2017	1	26	12	53	36.172	1
2017	1	26	12	53	36.182	1
2017	1	26	12	53	36.196	1
2017	1	26	12	53	36.197	1
2017	1	26	12	53	36.213	1
2017	1	26	12	53	36.216	1
2017	1	26	12	53	36.23	1
2017	1	26	12	53	36.23	1
2017	1	26	12	53	36.247	1
2017	1	26	12	53	36.249	1
2017	1	26	12	53	36.264	1
2017	1	26	12	53	36.266	1
2017	1	26	12	53	36.272	1
2017	1	26	12	53	36.282	1
2017	1	26	12	53	36.289	1
2017	1	26	12	53	36.297	1
2017	1	26	12	53	36.305	1
2017	1	26	12	53	36.314	1
2017	1	26	12	53	36.322	1
2017	1	26	12	53	36.33	1
2017	1	26	12	53	36.339	1
2017	1	26	12	53	36.347	1
2017	1	26	12	53	36.356	1
2017	1	26	12	53	36.364	1
2017	1	26	12	53	36.372	1
2017	1	26	12	53	36.381	1
2017	1	26	12	53	36.389	1
2017	1	26	12	53	36.397	1
2017	1	26	12	53	36.406	1
2017	1	26	12	53	36.415	1
2017	1	26	12	53	36.422	1
2017	1	26	12	53	36.432	1
2017	1	26	12	53	36.439	1
2017	1	26	12	53	36.448	1
2017	1	26	12	53	36.455	1
2017	1	26	12	53	36.464	1
2017	1	26	12	53	36.48	1
2017	1	26	12	53	36.482	1
2017	1	26	12	53	36.496	1
2017	1	26	12	53	36.498	1
2017	1	26	12	53	36.514	1
2017	1	26	12	53	36.517	1
2017	1	26	12	53	36.53	1
2017	1	26	12	53	36.53	1
2017	1	26	12	53	36.547	1
2017	1	26	12	53	36.549	1
2017	1	26	12	53	36.556	1
2017	1	26	12	53	36.565	1
2017	1	26	12	53	36.572	1
2017	1	26	12	53	36.582	1
2017	1	26	12	53	36.589	1
2017	1	26	12	53	36.597	1
2017	1	26	12	53	36.608	1
2017	1	26	12	53	36.614	1
2017	1	26	12	53	36.622	1
2017	1	26	12	53	36.63	1
2017	1	26	12	53	36.639	1
2017	1	26	12	53	36.647	1
2017	1	26	12	53	36.655	1
2017	1	26	12	53	36.663	1
2017	1	26	12	53	36.672	1
2017	1	26	12	53	36.682	1
2017	1	26	12	53	36.689	1
2017	1	26	12	53	36.713	1
2017	1	26	12	53	36.714	1
2017	1	26	12	53	36.714	1
2017	1	26	12	53	36.722	1
2017	1	26	12	53	36.731	1
2017	1	26	12	53	36.739	1
2017	1	26	12	53	36.747	1
2017	1	26	12	53	36.756	1
2017	1	26	12	53	36.764	1
2017	1	26	12	53	36.772	1
2017	1	26	12	53	36.781	1
2017	1	26	12	53	36.789	1
2017	1	26	12	53	36.797	1
2017	1	26	12	53	36.805	1
2017	1	26	12	53	36.814	1
2017	1	26	12	53	36.827	1
2017	1	26	12	53	36.832	1
2017	1	26	12	53	36.839	1
2017	1	26	12	53	36.848	1
2017	1	26	12	53	36.855	1
2017	1	26	12	53	36.866	1
2017	1	26	12	53	36.872	1
2017	1	26	12	53	36.882	1
2017	1	26	12	53	36.896	1
2017	1	26	12	53	36.898	1
2017	1	26	12	53	36.913	1
2017	1	26	12	53	36.915	1
2017	1	26	12	53	36.93	1
2017	1	26	12	53	36.932	1
2017	1	26	12	53	36.946	1
2017	1	26	12	53	36.947	1
2017	1	26	12	53	36.963	1
2017	1	26	12	53	36.965	1
2017	1	26	12	53	36.972	1
2017	1	26	12	53	36.982	1
2017	1	26	12	53	36.989	1
2017	1	26	12	53	36.997	1
2017	1	26	12	53	37.005	1
2017	1	26	12	53	37.015	1
2017	1	26	12	53	37.022	1
2017	1	26	12	53	37.032	1
2017	1	26	12	53	37.039	1
2017	1	26	12	53	37.048	1
2017	1	26	12	53	37.063	1
2017	1	26	12	53	37.064	1
2017	1	26	12	53	37.08	1
2017	1	26	12	53	37.082	1
2017	1	26	12	53	37.096	1
2017	1	26	12	53	37.098	1
2017	1	26	12	53	37.113	1
2017	1	26	12	53	37.115	1
2017	1	26	12	53	37.122	1
2017	1	26	12	53	37.132	1
2017	1	26	12	53	37.138	1
2017	1	26	12	53	37.148	1
2017	1	26	12	53	37.16	1
2017	1	26	12	53	37.165	1
2017	1	26	12	53	37.172	1
2017	1	26	12	53	37.181	1
2017	1	26	12	53	37.197	1
2017	1	26	12	53	37.197	1
2017	1	26	12	53	37.213	1
2017	1	26	12	53	37.216	1
2017	1	26	12	53	37.23	1
2017	1	26	12	53	37.232	1
2017	1	26	12	53	37.247	1
2017	1	26	12	53	37.249	1
2017	1	26	12	53	37.255	1
2017	1	26	12	53	37.265	1
2017	1	26	12	53	37.272	1
2017	1	26	12	53	37.282	1
2017	1	26	12	53	37.289	1
2017	1	26	12	53	37.298	1
2017	1	26	12	53	37.305	1
2017	1	26	12	53	37.315	1
2017	1	26	12	53	37.322	1
2017	1	26	12	53	37.332	1
2017	1	26	12	53	37.346	1
2017	1	26	12	53	37.348	1
2017	1	26	12	53	37.363	1
2017	1	26	12	53	37.366	1
2017	1	26	12	53	37.38	1
2017	1	26	12	53	37.381	1
2017	1	26	12	53	37.396	1
2017	1	26	12	53	37.397	1
2017	1	26	12	53	37.413	1
2017	1	26	12	53	37.415	1
2017	1	26	12	53	37.422	1
2017	1	26	12	53	37.431	1
2017	1	26	12	53	37.438	1
2017	1	26	12	53	37.448	1
2017	1	26	12	53	37.456	1
2017	1	26	12	53	37.465	1
2017	1	26	12	53	37.48	1
2017	1	26	12	53	37.482	1
2017	1	26	12	53	37.497	1
2017	1	26	12	53	37.5	1
2017	1	26	12	53	37.513	1
2017	1	26	12	53	37.514	1
2017	1	26	12	53	37.53	1
2017	1	26	12	53	37.531	1
2017	1	26	12	53	37.547	1
2017	1	26	12	53	37.547	1
2017	1	26	12	53	37.563	1
2017	1	26	12	53	37.565	1
2017	1	26	12	53	37.573	1
2017	1	26	12	53	37.582	1
2017	1	26	12	53	37.588	1
2017	1	26	12	53	37.597	1
2017	1	26	12	53	37.606	1
2017	1	26	12	53	37.613	1
2017	1	26	12	53	37.622	1
2017	1	26	12	53	37.63	1
2017	1	26	12	53	37.639	1
2017	1	26	12	53	37.647	1
2017	1	26	12	53	37.655	1
2017	1	26	12	53	37.664	1
2017	1	26	12	53	37.672	1
2017	1	26	12	53	37.681	1
2017	1	26	12	53	37.689	1
2017	1	26	12	53	37.698	1
2017	1	26	12	53	37.706	1
2017	1	26	12	53	37.715	1
2017	1	26	12	53	37.722	1
2017	1	26	12	53	37.731	1
2017	1	26	12	53	37.738	1
2017	1	26	12	53	37.748	1
2017	1	26	12	53	37.763	1
2017	1	26	12	53	37.764	1
2017	1	26	12	53	37.78	1
2017	1	26	12	53	37.782	1
2017	1	26	12	53	37.797	1
2017	1	26	12	53	37.797	1
2017	1	26	12	53	37.813	1
2017	1	26	12	53	37.815	1
2017	1	26	12	53	37.83	1
2017	1	26	12	53	37.83	1
2017	1	26	12	53	37.839	1
2017	1	26	12	53	37.848	1
2017	1	26	12	53	37.855	1
2017	1	26	12	53	37.865	1
2017	1	26	12	53	37.872	1
2017	1	26	12	53	37.882	1
2017	1	26	12	53	37.889	1
2017	1	26	12	53	37.898	1
2017	1	26	12	53	37.914	1
2017	1	26	12	53	37.914	1
2017	1	26	12	53	37.93	1
2017	1	26	12	53	37.932	1
2017	1	26	12	53	37.939	1
2017	1	26	12	53	37.947	1
2017	1	26	12	53	37.956	1
2017	1	26	12	53	37.966	1
2017	1	26	12	53	37.973	1
2017	1	26	12	53	37.982	1
2017	1	26	12	53	37.989	1
2017	1	26	12	53	37.999	1
2017	1	26	12	53	38.005	1
2017	1	26	12	53	38.015	1
2017	1	26	12	53	38.03	1
2017	1	26	12	53	38.032	1
2017	1	26	12	53	38.047	1
2017	1	26	12	53	38.049	1
2017	1	26	12	53	38.063	1
2017	1	26	12	53	38.064	1
2017	1	26	12	53	38.08	1
2017	1	26	12	53	38.08	1
2017	1	26	12	53	38.097	1
2017	1	26	12	53	38.097	1
2017	1	26	12	53	38.106	1
2017	1	26	12	53	38.115	1
2017	1	26	12	53	38.122	1
2017	1	26	12	53	38.133	1
2017	1	26	12	53	38.139	1
2017	1	26	12	53	38.148	1
2017	1	26	12	53	38.155	1
2017	1	26	12	53	38.165	1
2017	1	26	12	53	38.18	1
2017	1	26	12	53	38.182	1
2017	1	26	12	53	38.196	1
2017	1	26	12	53	38.197	1
2017	1	26	12	53	38.213	1
2017	1	26	12	53	38.215	1
2017	1	26	12	53	38.222	1
2017	1	26	12	53	38.231	1
2017	1	26	12	53	38.239	1
2017	1	26	12	53	38.249	1
2017	1	26	12	53	38.256	1
2017	1	26	12	53	38.266	1
2017	1	26	12	53	38.272	1
2017	1	26	12	53	38.282	1
2017	1	26	12	53	38.289	1
2017	1	26	12	53	38.298	1
2017	1	26	12	53	38.314	1
2017	1	26	12	53	38.314	1
2017	1	26	12	53	38.33	1
2017	1	26	12	53	38.33	1
2017	1	26	12	53	38.347	1
2017	1	26	12	53	38.349	1
2017	1	26	12	53	38.363	1
2017	1	26	12	53	38.364	1
2017	1	26	12	53	38.38	1
2017	1	26	12	53	38.38	1
2017	1	26	12	53	38.389	1
2017	1	26	12	53	38.4	1
2017	1	26	12	53	38.406	1
2017	1	26	12	53	38.415	1
2017	1	26	12	53	38.422	1
2017	1	26	12	53	38.432	1
2017	1	26	12	53	38.446	1
2017	1	26	12	53	38.448	1
2017	1	26	12	53	38.463	1
2017	1	26	12	53	38.465	1
2017	1	26	12	53	38.48	1
2017	1	26	12	53	38.482	1
2017	1	26	12	53	38.496	1
2017	1	26	12	53	38.497	1
2017	1	26	12	53	38.513	1
2017	1	26	12	53	38.515	1
2017	1	26	12	53	38.53	1
2017	1	26	12	53	38.532	1
2017	1	26	12	53	38.538	1
2017	1	26	12	53	38.548	1
2017	1	26	12	53	38.555	1
2017	1	26	12	53	38.564	1
2017	1	26	12	53	38.573	1
2017	1	26	12	53	38.58	1
2017	1	26	12	53	38.589	1
2017	1	26	12	53	38.598	1
2017	1	26	12	53	38.606	1
2017	1	26	12	53	38.614	1
2017	1	26	12	53	38.622	1
2017	1	26	12	53	38.63	1
2017	1	26	12	53	38.639	1
2017	1	26	12	53	38.647	1
2017	1	26	12	53	38.655	1
2017	1	26	12	53	38.666	1
2017	1	26	12	53	38.672	1
2017	1	26	12	53	38.682	1
2017	1	26	12	53	38.689	1
2017	1	26	12	53	38.699	1
2017	1	26	12	53	38.705	1
2017	1	26	12	53	38.715	1
2017	1	26	12	53	38.73	1
2017	1	26	12	53	38.73	1
2017	1	26	12	53	38.746	1
2017	1	26	12	53	38.748	1
2017	1	26	12	53	38.763	1
2017	1	26	12	53	38.763	1
2017	1	26	12	53	38.78	1
2017	1	26	12	53	38.781	1
2017	1	26	12	53	38.789	1
2017	1	26	12	53	38.799	1
2017	1	26	12	53	38.805	1
2017	1	26	12	53	38.814	1
2017	1	26	12	53	38.822	1
2017	1	26	12	53	38.831	1
2017	1	26	12	53	38.839	1
2017	1	26	12	53	38.847	1
2017	1	26	12	53	38.857	1
2017	1	26	12	53	38.864	1
2017	1	26	12	53	38.872	1
2017	1	26	12	53	38.88	1
2017	1	26	12	53	38.888	1
2017	1	26	12	53	38.897	1
2017	1	26	12	53	38.905	1
2017	1	26	12	53	38.914	1
2017	1	26	12	53	38.922	1
2017	1	26	12	53	38.932	1
2017	1	26	12	53	38.939	1
2017	1	26	12	53	38.95	1
2017	1	26	12	53	38.956	1
2017	1	26	12	53	38.965	1
2017	1	26	12	53	38.972	1
2017	1	26	12	53	38.982	1
2017	1	26	12	53	38.997	1
2017	1	26	12	53	39	1
2017	1	26	12	53	39.013	1
2017	1	26	12	53	39.015	1
2017	1	26	12	53	39.03	1
2017	1	26	12	53	39.032	1
2017	1	26	12	53	39.046	1
2017	1	26	12	53	39.047	1
2017	1	26	12	53	39.055	1
2017	1	26	12	53	39.065	1
2017	1	26	12	53	39.072	1
2017	1	26	12	53	39.082	1
2017	1	26	12	53	39.089	1
2017	1	26	12	53	39.097	1
2017	1	26	12	53	39.106	1
2017	1	26	12	53	39.114	1
2017	1	26	12	53	39.122	1
2017	1	26	12	53	39.131	1
2017	1	26	12	53	39.139	1
2017	1	26	12	53	39.147	1
2017	1	26	12	53	39.155	1
2017	1	26	12	53	39.164	1
2017	1	26	12	53	39.172	1
2017	1	26	12	53	39.18	1
2017	1	26	12	53	39.188	1
2017	1	26	12	53	39.199	1
2017	1	26	12	53	39.205	1
2017	1	26	12	53	39.216	1
2017	1	26	12	53	39.222	1
2017	1	26	12	53	39.231	1
2017	1	26	12	53	39.239	1
2017	1	26	12	53	39.248	1
2017	1	26	12	53	39.263	1
2017	1	26	12	53	39.265	1
2017	1	26	12	53	39.28	1
2017	1	26	12	53	39.282	1
2017	1	26	12	53	39.296	1
2017	1	26	12	53	39.297	1
2017	1	26	12	53	39.313	1
2017	1	26	12	53	39.315	1
2017	1	26	12	53	39.33	1
2017	1	26	12	53	39.347	1
2017	1	26	12	53	39.347	1
2017	1	26	12	53	39.348	1
2017	1	26	12	53	39.355	1
2017	1	26	12	53	39.365	1
2017	1	26	12	53	39.372	1
2017	1	26	12	53	39.382	1
2017	1	26	12	53	39.388	1
2017	1	26	12	53	39.397	1
2017	1	26	12	53	39.413	1
2017	1	26	12	53	39.416	1
2017	1	26	12	53	39.43	1
2017	1	26	12	53	39.431	1
2017	1	26	12	53	39.439	1
2017	1	26	12	53	39.447	1
2017	1	26	12	53	39.456	1
2017	1	26	12	53	39.464	1
2017	1	26	12	53	39.472	1
2017	1	26	12	53	39.482	1
2017	1	26	12	53	39.489	1
2017	1	26	12	53	39.499	1
2017	1	26	12	53	39.506	1
2017	1	26	12	53	39.517	1
2017	1	26	12	53	39.522	1
2017	1	26	12	53	39.532	1
2017	1	26	12	53	39.539	1
2017	1	26	12	53	39.548	1
2017	1	26	12	53	39.563	1
2017	1	26	12	53	39.565	1
2017	1	26	12	53	39.58	1
2017	1	26	12	53	39.581	1
2017	1	26	12	53	39.597	1
2017	1	26	12	53	39.597	1
2017	1	26	12	53	39.613	1
2017	1	26	12	53	39.614	1
2017	1	26	12	53	39.622	1
2017	1	26	12	53	39.632	1
2017	1	26	12	53	39.639	1
2017	1	26	12	53	39.649	1
2017	1	26	12	53	39.655	1
2017	1	26	12	53	39.665	1
2017	1	26	12	53	39.672	1
2017	1	26	12	53	39.682	1
2017	1	26	12	53	39.696	1
2017	1	26	12	53	39.698	1
2017	1	26	12	53	39.713	1
2017	1	26	12	53	39.716	1
2017	1	26	12	53	39.73	1
2017	1	26	12	53	39.73	1
2017	1	26	12	53	39.746	1
2017	1	26	12	53	39.749	1
2017	1	26	12	53	39.755	1
2017	1	26	12	53	39.765	1
2017	1	26	12	53	39.772	1
2017	1	26	12	53	39.781	1
2017	1	26	12	53	39.788	1
2017	1	26	12	53	39.798	1
2017	1	26	12	53	39.805	1
2017	1	26	12	53	39.815	1
2017	1	26	12	53	39.83	1
2017	1	26	12	53	39.832	1
2017	1	26	12	53	39.847	1
2017	1	26	12	53	39.847	1
2017	1	26	12	53	39.863	1
2017	1	26	12	53	39.865	1
2017	1	26	12	53	39.88	1
2017	1	26	12	53	39.882	1
2017	1	26	12	53	39.897	1
2017	1	26	12	53	39.899	1
2017	1	26	12	53	39.905	1
2017	1	26	12	53	39.915	1
2017	1	26	12	53	39.922	1
2017	1	26	12	53	39.931	1
2017	1	26	12	53	39.939	1
2017	1	26	12	53	39.949	1
2017	1	26	12	53	39.963	1
2017	1	26	12	53	39.965	1
2017	1	26	12	53	39.98	1
2017	1	26	12	53	39.98	1
2017	1	26	12	53	39.996	1
2017	1	26	12	53	39.999	1
2017	1	26	12	53	40.013	1
2017	1	26	12	53	40.015	1
2017	1	26	12	53	40.03	1
2017	1	26	12	53	40.03	1
2017	1	26	12	53	40.046	1
2017	1	26	12	53	40.047	1
2017	1	26	12	53	40.055	1
2017	1	26	12	53	40.065	1
2017	1	26	12	53	40.072	1
2017	1	26	12	53	40.08	1
2017	1	26	12	53	40.088	1
2017	1	26	12	53	40.099	1
2017	1	26	12	53	40.105	1
2017	1	26	12	53	40.115	1
2017	1	26	12	53	40.122	1
2017	1	26	12	53	40.132	1
2017	1	26	12	53	40.138	1
2017	1	26	12	53	40.149	1
2017	1	26	12	53	40.155	1
2017	1	26	12	53	40.165	1
2017	1	26	12	53	40.18	1
2017	1	26	12	53	40.181	1
2017	1	26	12	53	40.196	1
2017	1	26	12	53	40.197	1
2017	1	26	12	53	40.213	1
2017	1	26	12	53	40.213	1
2017	1	26	12	53	40.222	1
2017	1	26	12	53	40.232	1
2017	1	26	12	53	40.238	1
2017	1	26	12	53	40.249	1
2017	1	26	12	53	40.255	1
2017	1	26	12	53	40.265	1
2017	1	26	12	53	40.272	1
2017	1	26	12	53	40.282	1
2017	1	26	12	53	40.288	1
2017	1	26	12	53	40.298	1
2017	1	26	12	53	40.313	1
2017	1	26	12	53	40.314	1
2017	1	26	12	53	40.33	1
2017	1	26	12	53	40.33	1
2017	1	26	12	53	40.346	1
2017	1	26	12	53	40.349	1
2017	1	26	12	53	40.363	1
2017	1	26	12	53	40.364	1
2017	1	26	12	53	40.372	1
2017	1	26	12	53	40.381	1
2017	1	26	12	53	40.388	1
2017	1	26	12	53	40.398	1
2017	1	26	12	53	40.405	1
2017	1	26	12	53	40.415	1
2017	1	26	12	53	40.422	1
2017	1	26	12	53	40.433	1
2017	1	26	12	53	40.447	1
2017	1	26	12	53	40.447	1
2017	1	26	12	53	40.463	1
2017	1	26	12	53	40.463	1
2017	1	26	12	53	40.48	1
2017	1	26	12	53	40.482	1
2017	1	26	12	53	40.497	1
2017	1	26	12	53	40.499	1
2017	1	26	12	53	40.513	1
2017	1	26	12	53	40.514	1
2017	1	26	12	53	40.53	1
2017	1	26	12	53	40.532	1
2017	1	26	12	53	40.539	1
2017	1	26	12	53	40.548	1
2017	1	26	12	53	40.555	1
2017	1	26	12	53	40.564	1
2017	1	26	12	53	40.572	1
2017	1	26	12	53	40.581	1
2017	1	26	12	53	40.589	1
2017	1	26	12	53	40.597	1
2017	1	26	12	53	40.605	1
2017	1	26	12	53	40.614	1
2017	1	26	12	53	40.622	1
2017	1	26	12	53	40.63	1
2017	1	26	12	53	40.639	1
2017	1	26	12	53	40.648	1
2017	1	26	12	53	40.655	1
2017	1	26	12	53	40.665	1
2017	1	26	12	53	40.672	1
2017	1	26	12	53	40.682	1
2017	1	26	12	53	40.689	1
2017	1	26	12	53	40.698	1
2017	1	26	12	53	40.705	1
2017	1	26	12	53	40.715	1
2017	1	26	12	53	40.73	1
2017	1	26	12	53	40.73	1
2017	1	26	12	53	40.746	1
2017	1	26	12	53	40.749	1
2017	1	26	12	53	40.763	1
2017	1	26	12	53	40.765	1
2017	1	26	12	53	40.78	1
2017	1	26	12	53	40.782	1
2017	1	26	12	53	40.796	1
2017	1	26	12	53	40.799	1
2017	1	26	12	53	40.805	1
2017	1	26	12	53	40.815	1
2017	1	26	12	53	40.822	1
2017	1	26	12	53	40.832	1
2017	1	26	12	53	40.839	1
2017	1	26	12	53	40.847	1
2017	1	26	12	53	40.855	1
2017	1	26	12	53	40.863	1
2017	1	26	12	53	40.872	1
2017	1	26	12	53	40.88	1
2017	1	26	12	53	40.888	1
2017	1	26	12	53	40.897	1
2017	1	26	12	53	40.905	1
2017	1	26	12	53	40.915	1
2017	1	26	12	53	40.922	1
2017	1	26	12	53	40.93	1
2017	1	26	12	53	40.938	1
2017	1	26	12	53	40.948	1
2017	1	26	12	53	40.955	1
2017	1	26	12	53	40.966	1
2017	1	26	12	53	40.972	1
2017	1	26	12	53	40.981	1
2017	1	26	12	53	40.989	1
2017	1	26	12	53	40.997	1
2017	1	26	12	53	41.013	1
2017	1	26	12	53	41.015	1
2017	1	26	12	53	41.03	1
2017	1	26	12	53	41.032	1
2017	1	26	12	53	41.046	1
2017	1	26	12	53	41.048	1
2017	1	26	12	53	41.063	1
2017	1	26	12	53	41.063	1
2017	1	26	12	53	41.072	1
2017	1	26	12	53	41.081	1
2017	1	26	12	53	41.088	1
2017	1	26	12	53	41.098	1
2017	1	26	12	53	41.105	1
2017	1	26	12	53	41.114	1
2017	1	26	12	53	41.123	1
2017	1	26	12	53	41.13	1
2017	1	26	12	53	41.139	1
2017	1	26	12	53	41.147	1
2017	1	26	12	53	41.155	1
2017	1	26	12	53	41.164	1
2017	1	26	12	53	41.172	1
2017	1	26	12	53	41.18	1
2017	1	26	12	53	41.188	1
2017	1	26	12	53	41.213	1
2017	1	26	12	53	41.213	1
2017	1	26	12	53	41.214	1
2017	1	26	12	53	41.222	1
2017	1	26	12	53	41.23	1
2017	1	26	12	53	41.238	1
2017	1	26	12	53	41.247	1
2017	1	26	12	53	41.255	1
2017	1	26	12	53	41.264	1
2017	1	26	12	53	41.272	1
2017	1	26	12	53	41.28	1
2017	1	26	12	53	41.289	1
2017	1	26	12	53	41.297	1
2017	1	26	12	53	41.306	1
2017	1	26	12	53	41.313	1
2017	1	26	12	53	41.322	1
2017	1	26	12	53	41.331	1
2017	1	26	12	53	41.338	1
2017	1	26	12	53	41.348	1
2017	1	26	12	53	41.355	1
2017	1	26	12	53	41.365	1
2017	1	26	12	53	41.372	1
2017	1	26	12	53	41.381	1
2017	1	26	12	53	41.388	1
2017	1	26	12	53	41.399	1
2017	1	26	12	53	41.413	1
2017	1	26	12	53	41.413	1
2017	1	26	12	53	41.43	1
2017	1	26	12	53	41.43	1
2017	1	26	12	53	41.438	1
2017	1	26	12	53	41.447	1
2017	1	26	12	53	41.456	1
2017	1	26	12	53	41.465	1
2017	1	26	12	53	41.472	1
2017	1	26	12	53	41.482	1
2017	1	26	12	53	41.489	1
2017	1	26	12	53	41.499	1
2017	1	26	12	53	41.506	1
2017	1	26	12	53	41.517	1
2017	1	26	12	53	41.53	1
2017	1	26	12	53	41.53	1
2017	1	26	12	53	41.547	1
2017	1	26	12	53	41.547	1
2017	1	26	12	53	41.563	1
2017	1	26	12	53	41.565	1
2017	1	26	12	53	41.58	1
2017	1	26	12	53	41.58	1
2017	1	26	12	53	41.596	1
2017	1	26	12	53	41.599	1
2017	1	26	12	53	41.605	1
2017	1	26	12	53	41.615	1
2017	1	26	12	53	41.621	1
2017	1	26	12	53	41.631	1
2017	1	26	12	53	41.638	1
2017	1	26	12	53	41.648	1
2017	1	26	12	53	41.663	1
2017	1	26	12	53	41.663	1
2017	1	26	12	53	41.68	1
2017	1	26	12	53	41.68	1
2017	1	26	12	53	41.696	1
2017	1	26	12	53	41.698	1
2017	1	26	12	53	41.713	1
2017	1	26	12	53	41.715	1
2017	1	26	12	53	41.722	1
2017	1	26	12	53	41.73	1
2017	1	26	12	53	41.738	1
2017	1	26	12	53	41.749	1
2017	1	26	12	53	41.756	1
2017	1	26	12	53	41.765	1
2017	1	26	12	53	41.772	1
2017	1	26	12	53	41.783	1
2017	1	26	12	53	41.789	1
2017	1	26	12	53	41.797	1
2017	1	26	12	53	41.813	1
2017	1	26	12	53	41.815	1
2017	1	26	12	53	41.83	1
2017	1	26	12	53	41.832	1
2017	1	26	12	53	41.847	1
2017	1	26	12	53	41.848	1
2017	1	26	12	53	41.863	1
2017	1	26	12	53	41.864	1
2017	1	26	12	53	41.88	1
2017	1	26	12	53	41.883	1
2017	1	26	12	53	41.888	1
2017	1	26	12	53	41.898	1
2017	1	26	12	53	41.905	1
2017	1	26	12	53	41.915	1
2017	1	26	12	53	41.922	1
2017	1	26	12	53	41.931	1
2017	1	26	12	53	41.938	1
2017	1	26	12	53	41.948	1
2017	1	26	12	53	41.963	1
2017	1	26	12	53	41.963	1
2017	1	26	12	53	41.98	1
2017	1	26	12	53	41.98	1
2017	1	26	12	53	41.996	1
2017	1	26	12	53	41.999	1
2017	1	26	12	53	42.013	1
2017	1	26	12	53	42.015	1
2017	1	26	12	53	42.029	1
2017	1	26	12	53	42.032	1
2017	1	26	12	53	42.039	1
2017	1	26	12	53	42.063	1
2017	1	26	12	53	42.064	1
2017	1	26	12	53	42.064	1
2017	1	26	12	53	42.072	1
2017	1	26	12	53	42.08	1
2017	1	26	12	53	42.089	1
2017	1	26	12	53	42.097	1
2017	1	26	12	53	42.106	1
2017	1	26	12	53	42.114	1
2017	1	26	12	53	42.122	1
2017	1	26	12	53	42.13	1
2017	1	26	12	53	42.139	1
2017	1	26	12	53	42.147	1
2017	1	26	12	53	42.155	1
2017	1	26	12	53	42.164	1
2017	1	26	12	53	42.172	1
2017	1	26	12	53	42.182	1
2017	1	26	12	53	42.189	1
2017	1	26	12	53	42.198	1
2017	1	26	12	53	42.205	1
2017	1	26	12	53	42.214	1
2017	1	26	12	53	42.222	1
2017	1	26	12	53	42.233	1
2017	1	26	12	53	42.246	1
2017	1	26	12	53	42.248	1
2017	1	26	12	53	42.263	1
2017	1	26	12	53	42.265	1
2017	1	26	12	53	42.28	1
2017	1	26	12	53	42.282	1
2017	1	26	12	53	42.296	1
2017	1	26	12	53	42.297	1
2017	1	26	12	53	42.313	1
2017	1	26	12	53	42.314	1
2017	1	26	12	53	42.322	1
2017	1	26	12	53	42.331	1
2017	1	26	12	53	42.339	1
2017	1	26	12	53	42.347	1
2017	1	26	12	53	42.356	1
2017	1	26	12	53	42.364	1
2017	1	26	12	53	42.373	1
2017	1	26	12	53	42.38	1
2017	1	26	12	53	42.389	1
2017	1	26	12	53	42.397	1
2017	1	26	12	53	42.405	1
2017	1	26	12	53	42.414	1
2017	1	26	12	53	42.422	1
2017	1	26	12	53	42.43	1
2017	1	26	12	53	42.439	1
2017	1	26	12	53	42.448	1
2017	1	26	12	53	42.455	1
2017	1	26	12	53	42.465	1
2017	1	26	12	53	42.471	1
2017	1	26	12	53	42.481	1
2017	1	26	12	53	42.488	1
2017	1	26	12	53	42.498	1
2017	1	26	12	53	42.513	1
2017	1	26	12	53	42.515	1
2017	1	26	12	53	42.53	1
2017	1	26	12	53	42.532	1
2017	1	26	12	53	42.547	1
2017	1	26	12	53	42.547	1
2017	1	26	12	53	42.563	1
2017	1	26	12	53	42.565	1
2017	1	26	12	53	42.58	1
2017	1	26	12	53	42.582	1
2017	1	26	12	53	42.589	1
2017	1	26	12	53	42.597	1
2017	1	26	12	53	42.606	1
2017	1	26	12	53	42.616	1
2017	1	26	12	53	42.622	1
2017	1	26	12	53	42.632	1
2017	1	26	12	53	42.646	1
2017	1	26	12	53	42.648	1
2017	1	26	12	53	42.663	1
2017	1	26	12	53	42.664	1
2017	1	26	12	53	42.672	1
2017	1	26	12	53	42.68	1
2017	1	26	12	53	42.688	1
2017	1	26	12	53	42.697	1
2017	1	26	12	53	42.705	1
2017	1	26	12	53	42.714	1
2017	1	26	12	53	42.722	1
2017	1	26	12	53	42.731	1
2017	1	26	12	53	42.738	1
2017	1	26	12	53	42.748	1
2017	1	26	12	53	42.756	1
2017	1	26	12	53	42.765	1
2017	1	26	12	53	42.771	1
2017	1	26	12	53	42.781	1
2017	1	26	12	53	42.796	1
2017	1	26	12	53	42.799	1
2017	1	26	12	53	42.813	1
2017	1	26	12	53	42.815	1
2017	1	26	12	53	42.829	1
2017	1	26	12	53	42.831	1
2017	1	26	12	53	42.847	1
2017	1	26	12	53	42.847	1
2017	1	26	12	53	42.864	1
2017	1	26	12	53	42.864	1
2017	1	26	12	53	42.872	1
2017	1	26	12	53	42.881	1
2017	1	26	12	53	42.889	1
2017	1	26	12	53	42.898	1
2017	1	26	12	53	42.905	1
2017	1	26	12	53	42.915	1
2017	1	26	12	53	42.922	1
2017	1	26	12	53	42.931	1
2017	1	26	12	53	42.946	1
2017	1	26	12	53	42.949	1
2017	1	26	12	53	42.963	1
2017	1	26	12	53	42.963	1
2017	1	26	12	53	42.98	1
2017	1	26	12	53	42.981	1
2017	1	26	12	53	42.997	1
2017	1	26	12	53	42.997	1
2017	1	26	12	53	43.005	1
2017	1	26	12	53	43.015	1
2017	1	26	12	53	43.022	1
2017	1	26	12	53	43.032	1
2017	1	26	12	53	43.038	1
2017	1	26	12	53	43.048	1
2017	1	26	12	53	43.055	1
2017	1	26	12	53	43.065	1
2017	1	26	12	53	43.071	1
2017	1	26	12	53	43.081	1
2017	1	26	12	53	43.097	1
2017	1	26	12	53	43.099	1
2017	1	26	12	53	43.113	1
2017	1	26	12	53	43.116	1
2017	1	26	12	53	43.13	1
2017	1	26	12	53	43.131	1
2017	1	26	12	53	43.147	1
2017	1	26	12	53	43.147	1
2017	1	26	12	53	43.155	1
2017	1	26	12	53	43.165	1
2017	1	26	12	53	43.172	1
2017	1	26	12	53	43.181	1
2017	1	26	12	53	43.189	1
2017	1	26	12	53	43.199	1
2017	1	26	12	53	43.213	1
2017	1	26	12	53	43.215	1
2017	1	26	12	53	43.23	1
2017	1	26	12	53	43.232	1
2017	1	26	12	53	43.246	1
2017	1	26	12	53	43.248	1
2017	1	26	12	53	43.263	1
2017	1	26	12	53	43.264	1
2017	1	26	12	53	43.28	1
2017	1	26	12	53	43.282	1
2017	1	26	12	53	43.296	1
2017	1	26	12	53	43.313	1
2017	1	26	12	53	43.313	1
2017	1	26	12	53	43.313	1
2017	1	26	12	53	43.322	1
2017	1	26	12	53	43.331	1
2017	1	26	12	53	43.338	1
2017	1	26	12	53	43.347	1
2017	1	26	12	53	43.356	1
2017	1	26	12	53	43.363	1
2017	1	26	12	53	43.372	1
2017	1	26	12	53	43.38	1
2017	1	26	12	53	43.389	1
2017	1	26	12	53	43.397	1
2017	1	26	12	53	43.405	1
2017	1	26	12	53	43.413	1
2017	1	26	12	53	43.422	1
2017	1	26	12	53	43.43	1
2017	1	26	12	53	43.439	1
2017	1	26	12	53	43.447	1
2017	1	26	12	53	43.456	1
2017	1	26	12	53	43.465	1
2017	1	26	12	53	43.472	1
2017	1	26	12	53	43.482	1
2017	1	26	12	53	43.489	1
2017	1	26	12	53	43.498	1
2017	1	26	12	53	43.505	1
2017	1	26	12	53	43.515	1
2017	1	26	12	53	43.53	1
2017	1	26	12	53	43.53	1
2017	1	26	12	53	43.547	1
2017	1	26	12	53	43.547	1
2017	1	26	12	53	43.563	1
2017	1	26	12	53	43.564	1
2017	1	26	12	53	43.58	1
2017	1	26	12	53	43.58	1
2017	1	26	12	53	43.596	1
2017	1	26	12	53	43.598	1
2017	1	26	12	53	43.605	1
2017	1	26	12	53	43.615	1
2017	1	26	12	53	43.622	1
2017	1	26	12	53	43.632	1
2017	1	26	12	53	43.639	1
2017	1	26	12	53	43.648	1
2017	1	26	12	53	43.655	1
2017	1	26	12	53	43.664	1
2017	1	26	12	53	43.68	1
2017	1	26	12	53	43.68	1
2017	1	26	12	53	43.696	1
2017	1	26	12	53	43.697	1
2017	1	26	12	53	43.713	1
2017	1	26	12	53	43.715	1
2017	1	26	12	53	43.722	1
2017	1	26	12	53	43.731	1
2017	1	26	12	53	43.738	1
2017	1	26	12	53	43.748	1
2017	1	26	12	53	43.755	1
2017	1	26	12	53	43.764	1
2017	1	26	12	53	43.772	1
2017	1	26	12	53	43.782	1
2017	1	26	12	53	43.789	1
2017	1	26	12	53	43.798	1
2017	1	26	12	53	43.813	1
2017	1	26	12	53	43.814	1
2017	1	26	12	53	43.829	1
2017	1	26	12	53	43.833	1
2017	1	26	12	53	43.846	1
2017	1	26	12	53	43.848	1
2017	1	26	12	53	43.863	1
2017	1	26	12	53	43.864	1
2017	1	26	12	53	43.872	1
2017	1	26	12	53	43.882	1
2017	1	26	12	53	43.888	1
2017	1	26	12	53	43.898	1
2017	1	26	12	53	43.905	1
2017	1	26	12	53	43.914	1
2017	1	26	12	53	43.921	1
2017	1	26	12	53	43.93	1
2017	1	26	12	53	43.939	1
2017	1	26	12	53	43.948	1
2017	1	26	12	53	43.963	1
2017	1	26	12	53	43.965	1
2017	1	26	12	53	43.98	1
2017	1	26	12	53	43.98	1
2017	1	26	12	53	43.996	1
2017	1	26	12	53	44	1
2017	1	26	12	53	44.013	1
2017	1	26	12	53	44.014	1
2017	1	26	12	53	44.022	1
2017	1	26	12	53	44.031	1
2017	1	26	12	53	44.039	1
2017	1	26	12	53	44.048	1
2017	1	26	12	53	44.055	1
2017	1	26	12	53	44.064	1
2017	1	26	12	53	44.08	1
2017	1	26	12	53	44.08	1
2017	1	26	12	53	44.096	1
2017	1	26	12	53	44.098	1
2017	1	26	12	53	44.113	1
2017	1	26	12	53	44.115	1
2017	1	26	12	53	44.129	1
2017	1	26	12	53	44.13	1
2017	1	26	12	53	44.146	1
2017	1	26	12	53	44.149	1
2017	1	26	12	53	44.163	1
2017	1	26	12	53	44.163	1
2017	1	26	12	53	44.172	1
2017	1	26	12	53	44.181	1
2017	1	26	12	53	44.188	1
2017	1	26	12	53	44.197	1
2017	1	26	12	53	44.205	1
2017	1	26	12	53	44.215	1
2017	1	26	12	53	44.222	1
2017	1	26	12	53	44.232	1
2017	1	26	12	53	44.246	1
2017	1	26	12	53	44.247	1
2017	1	26	12	53	44.263	1
2017	1	26	12	53	44.265	1
2017	1	26	12	53	44.28	1
2017	1	26	12	53	44.282	1
2017	1	26	12	53	44.296	1
2017	1	26	12	53	44.297	1
2017	1	26	12	53	44.313	1
2017	1	26	12	53	44.314	1
2017	1	26	12	53	44.322	1
2017	1	26	12	53	44.331	1
2017	1	26	12	53	44.338	1
2017	1	26	12	53	44.348	1
2017	1	26	12	53	44.355	1
2017	1	26	12	53	44.365	1
2017	1	26	12	53	44.372	1
2017	1	26	12	53	44.38	1
2017	1	26	12	53	44.389	1
2017	1	26	12	53	44.397	1
2017	1	26	12	53	44.405	1
2017	1	26	12	53	44.413	1
2017	1	26	12	53	44.422	1
2017	1	26	12	53	44.43	1
2017	1	26	12	53	44.438	1
2017	1	26	12	53	44.448	1
2017	1	26	12	53	44.455	1
2017	1	26	12	53	44.463	1
2017	1	26	12	53	44.472	1
2017	1	26	12	53	44.482	1
2017	1	26	12	53	44.488	1
2017	1	26	12	53	44.498	1
2017	1	26	12	53	44.513	1
2017	1	26	12	53	44.513	1
2017	1	26	12	53	44.53	1
2017	1	26	12	53	44.53	1
2017	1	26	12	53	44.546	1
2017	1	26	12	53	44.547	1
2017	1	26	12	53	44.563	1
2017	1	26	12	53	44.58	1
2017	1	26	12	53	44.58	1
2017	1	26	12	53	44.581	1
2017	1	26	12	53	44.589	1
2017	1	26	12	53	44.599	1
2017	1	26	12	53	44.605	1
2017	1	26	12	53	44.616	1
2017	1	26	12	53	44.622	1
2017	1	26	12	53	44.631	1
2017	1	26	12	53	44.646	1
2017	1	26	12	53	44.648	1
2017	1	26	12	53	44.663	1
2017	1	26	12	53	44.664	1
2017	1	26	12	53	44.672	1
2017	1	26	12	53	44.68	1
2017	1	26	12	53	44.689	1
2017	1	26	12	53	44.697	1
2017	1	26	12	53	44.705	1
2017	1	26	12	53	44.714	1
2017	1	26	12	53	44.722	1
2017	1	26	12	53	44.731	1
2017	1	26	12	53	44.738	1
2017	1	26	12	53	44.748	1
2017	1	26	12	53	44.755	1
2017	1	26	12	53	44.765	1
2017	1	26	12	53	44.772	1
2017	1	26	12	53	44.781	1
2017	1	26	12	53	44.796	1
2017	1	26	12	53	44.798	1
2017	1	26	12	53	44.813	1
2017	1	26	12	53	44.815	1
2017	1	26	12	53	44.829	1
2017	1	26	12	53	44.832	1
2017	1	26	12	53	44.846	1
2017	1	26	12	53	44.847	1
2017	1	26	12	53	44.855	1
2017	1	26	12	53	44.864	1
2017	1	26	12	53	44.872	1
2017	1	26	12	53	44.881	1
2017	1	26	12	53	44.888	1
2017	1	26	12	53	44.898	1
2017	1	26	12	53	44.905	1
2017	1	26	12	53	44.915	1
2017	1	26	12	53	44.929	1
2017	1	26	12	53	44.93	1
2017	1	26	12	53	44.946	1
2017	1	26	12	53	44.948	1
2017	1	26	12	53	44.963	1
2017	1	26	12	53	44.964	1
2017	1	26	12	53	44.972	1
2017	1	26	12	53	44.98	1
2017	1	26	12	53	44.988	1
2017	1	26	12	53	44.997	1
2017	1	26	12	53	45.005	1
2017	1	26	12	53	45.015	1
2017	1	26	12	53	45.022	1
2017	1	26	12	53	45.032	1
2017	1	26	12	53	45.039	1
2017	1	26	12	53	45.048	1
2017	1	26	12	53	45.055	1
2017	1	26	12	53	45.065	1
2017	1	26	12	53	45.08	1
2017	1	26	12	53	45.08	1
2017	1	26	12	53	45.097	1
2017	1	26	12	53	45.097	1
2017	1	26	12	53	45.113	1
2017	1	26	12	53	45.115	1
2017	1	26	12	53	45.13	1
2017	1	26	12	53	45.131	1
2017	1	26	12	53	45.147	1
2017	1	26	12	53	45.147	1
2017	1	26	12	53	45.155	1
2017	1	26	12	53	45.166	1
2017	1	26	12	53	45.172	1
2017	1	26	12	53	45.181	1
2017	1	26	12	53	45.189	1
2017	1	26	12	53	45.199	1
2017	1	26	12	53	45.213	1
2017	1	26	12	53	45.215	1
2017	1	26	12	53	45.23	1
2017	1	26	12	53	45.23	1
2017	1	26	12	53	45.246	1
2017	1	26	12	53	45.249	1
2017	1	26	12	53	45.263	1
2017	1	26	12	53	45.263	1
2017	1	26	12	53	45.28	1
2017	1	26	12	53	45.282	1
2017	1	26	12	53	45.288	1
2017	1	26	12	53	45.298	1
2017	1	26	12	53	45.305	1
2017	1	26	12	53	45.314	1
2017	1	26	12	53	45.322	1
2017	1	26	12	53	45.33	1
2017	1	26	12	53	45.34	1
2017	1	26	12	53	45.347	1
2017	1	26	12	53	45.355	1
2017	1	26	12	53	45.363	1
2017	1	26	12	53	45.372	1
2017	1	26	12	53	45.38	1
2017	1	26	12	53	45.388	1
2017	1	26	12	53	45.397	1
2017	1	26	12	53	45.405	1
2017	1	26	12	53	45.414	1
2017	1	26	12	53	45.422	1
2017	1	26	12	53	45.431	1
2017	1	26	12	53	45.438	1
2017	1	26	12	53	45.448	1
2017	1	26	12	53	45.455	1
2017	1	26	12	53	45.464	1
2017	1	26	12	53	45.479	1
2017	1	26	12	53	45.482	1
2017	1	26	12	53	45.496	1
2017	1	26	12	53	45.498	1
2017	1	26	12	53	45.513	1
2017	1	26	12	53	45.513	1
2017	1	26	12	53	45.53	1
2017	1	26	12	53	45.53	1
2017	1	26	12	53	45.546	1
2017	1	26	12	53	45.548	1
2017	1	26	12	53	45.563	1
2017	1	26	12	53	45.565	1
2017	1	26	12	53	45.572	1
2017	1	26	12	53	45.581	1
2017	1	26	12	53	45.589	1
2017	1	26	12	53	45.598	1
2017	1	26	12	53	45.605	1
2017	1	26	12	53	45.615	1
2017	1	26	12	53	45.622	1
2017	1	26	12	53	45.63	1
2017	1	26	12	53	45.64	1
2017	1	26	12	53	45.647	1
2017	1	26	12	53	45.655	1
2017	1	26	12	53	45.664	1
2017	1	26	12	53	45.672	1
2017	1	26	12	53	45.68	1
2017	1	26	12	53	45.688	1
2017	1	26	12	53	45.697	1
2017	1	26	12	53	45.705	1
2017	1	26	12	53	45.715	1
2017	1	26	12	53	45.722	1
2017	1	26	12	53	45.731	1
2017	1	26	12	53	45.738	1
2017	1	26	12	53	45.748	1
2017	1	26	12	53	45.755	1
2017	1	26	12	53	45.765	1
2017	1	26	12	53	45.779	1
2017	1	26	12	53	45.781	1
2017	1	26	12	53	45.796	1
2017	1	26	12	53	45.797	1
2017	1	26	12	53	45.813	1
2017	1	26	12	53	45.815	1
2017	1	26	12	53	45.829	1
2017	1	26	12	53	45.829	1
2017	1	26	12	53	45.846	1
2017	1	26	12	53	45.848	1
2017	1	26	12	53	45.855	1
2017	1	26	12	53	45.864	1
2017	1	26	12	53	45.872	1
2017	1	26	12	53	45.882	1
2017	1	26	12	53	45.888	1
2017	1	26	12	53	45.898	1
2017	1	26	12	53	45.913	1
2017	1	26	12	53	45.916	1
2017	1	26	12	53	45.93	1
2017	1	26	12	53	45.93	1
2017	1	26	12	53	45.939	1
2017	1	26	12	53	45.947	1
2017	1	26	12	53	45.955	1
2017	1	26	12	53	45.964	1
2017	1	26	12	53	45.972	1
2017	1	26	12	53	45.982	1
2017	1	26	12	53	45.989	1
2017	1	26	12	53	45.999	1
2017	1	26	12	53	46.005	1
2017	1	26	12	53	46.015	1
2017	1	26	12	53	46.022	1
2017	1	26	12	53	46.031	1
2017	1	26	12	53	46.046	1
2017	1	26	12	53	46.048	1
2017	1	26	12	53	46.063	1
2017	1	26	12	53	46.064	1
2017	1	26	12	53	46.08	1
2017	1	26	12	53	46.08	1
2017	1	26	12	53	46.096	1
2017	1	26	12	53	46.099	1
2017	1	26	12	53	46.105	1
2017	1	26	12	53	46.115	1
2017	1	26	12	53	46.122	1
2017	1	26	12	53	46.131	1
2017	1	26	12	53	46.138	1
2017	1	26	12	53	46.148	1
2017	1	26	12	53	46.155	1
2017	1	26	12	53	46.165	1
2017	1	26	12	53	46.172	1
2017	1	26	12	53	46.181	1
2017	1	26	12	53	46.196	1
2017	1	26	12	53	46.197	1
2017	1	26	12	53	46.213	1
2017	1	26	12	53	46.215	1
2017	1	26	12	53	46.23	1
2017	1	26	12	53	46.232	1
2017	1	26	12	53	46.239	1
2017	1	26	12	53	46.247	1
2017	1	26	12	53	46.256	1
2017	1	26	12	53	46.265	1
2017	1	26	12	53	46.272	1
2017	1	26	12	53	46.281	1
2017	1	26	12	53	46.289	1
2017	1	26	12	53	46.298	1
2017	1	26	12	53	46.305	1
2017	1	26	12	53	46.315	1
2017	1	26	12	53	46.33	1
2017	1	26	12	53	46.33	1
2017	1	26	12	53	46.346	1
2017	1	26	12	53	46.347	1
2017	1	26	12	53	46.364	1
2017	1	26	12	53	46.364	1
2017	1	26	12	53	46.38	1
2017	1	26	12	53	46.38	1
2017	1	26	12	53	46.389	1
2017	1	26	12	53	46.399	1
2017	1	26	12	53	46.405	1
2017	1	26	12	53	46.415	1
2017	1	26	12	53	46.422	1
2017	1	26	12	53	46.431	1
2017	1	26	12	53	46.446	1
2017	1	26	12	53	46.449	1
2017	1	26	12	53	46.463	1
2017	1	26	12	53	46.463	1
2017	1	26	12	53	46.472	1
2017	1	26	12	53	46.48	1
2017	1	26	12	53	46.488	1
2017	1	26	12	53	46.498	1
2017	1	26	12	53	46.505	1
2017	1	26	12	53	46.515	1
2017	1	26	12	53	46.522	1
2017	1	26	12	53	46.532	1
2017	1	26	12	53	46.538	1
2017	1	26	12	53	46.549	1
2017	1	26	12	53	46.563	1
2017	1	26	12	53	46.565	1
2017	1	26	12	53	46.579	1
2017	1	26	12	53	46.582	1
2017	1	26	12	53	46.596	1
2017	1	26	12	53	46.597	1
2017	1	26	12	53	46.613	1
2017	1	26	12	53	46.613	1
2017	1	26	12	53	46.622	1
2017	1	26	12	53	46.631	1
2017	1	26	12	53	46.638	1
2017	1	26	12	53	46.648	1
2017	1	26	12	53	46.655	1
2017	1	26	12	53	46.666	1
2017	1	26	12	53	46.679	1
2017	1	26	12	53	46.682	1
2017	1	26	12	53	46.697	1
2017	1	26	12	53	46.697	1
2017	1	26	12	53	46.713	1
2017	1	26	12	53	46.715	1
2017	1	26	12	53	46.73	1
2017	1	26	12	53	46.73	1
2017	1	26	12	53	46.738	1
2017	1	26	12	53	46.747	1
2017	1	26	12	53	46.755	1
2017	1	26	12	53	46.766	1
2017	1	26	12	53	46.772	1
2017	1	26	12	53	46.781	1
2017	1	26	12	53	46.789	1
2017	1	26	12	53	46.798	1
2017	1	26	12	53	46.805	1
2017	1	26	12	53	46.814	1
2017	1	26	12	53	46.83	1
2017	1	26	12	53	46.832	1
2017	1	26	12	53	46.846	1
2017	1	26	12	53	46.847	1
2017	1	26	12	53	46.863	1
2017	1	26	12	53	46.863	1
2017	1	26	12	53	46.88	1
2017	1	26	12	53	46.882	1
2017	1	26	12	53	46.889	1
2017	1	26	12	53	46.897	1
2017	1	26	12	53	46.905	1
2017	1	26	12	53	46.916	1
2017	1	26	12	53	46.922	1
2017	1	26	12	53	46.931	1
2017	1	26	12	53	46.938	1
2017	1	26	12	53	46.948	1
2017	1	26	12	53	46.955	1
2017	1	26	12	53	46.965	1
2017	1	26	12	53	46.979	1
2017	1	26	12	53	46.982	1
2017	1	26	12	53	46.996	1
2017	1	26	12	53	46.999	1
2017	1	26	12	53	47.013	1
2017	1	26	12	53	47.015	1
2017	1	26	12	53	47.029	1
2017	1	26	12	53	47.03	1
2017	1	26	12	53	47.038	1
2017	1	26	12	53	47.048	1
2017	1	26	12	53	47.055	1
2017	1	26	12	53	47.063	1
2017	1	26	12	53	47.072	1
2017	1	26	12	53	47.08	1
2017	1	26	12	53	47.09	1
2017	1	26	12	53	47.097	1
2017	1	26	12	53	47.105	1
2017	1	26	12	53	47.113	1
2017	1	26	12	53	47.122	1
2017	1	26	12	53	47.13	1
2017	1	26	12	53	47.138	1
2017	1	26	12	53	47.148	1
2017	1	26	12	53	47.155	1
2017	1	26	12	53	47.165	1
2017	1	26	12	53	47.172	1
2017	1	26	12	53	47.181	1
2017	1	26	12	53	47.189	1
2017	1	26	12	53	47.198	1
2017	1	26	12	53	47.205	1
2017	1	26	12	53	47.214	1
2017	1	26	12	53	47.229	1
2017	1	26	12	53	47.231	1
2017	1	26	12	53	47.246	1
2017	1	26	12	53	47.248	1
2017	1	26	12	53	47.263	1
2017	1	26	12	53	47.264	1
2017	1	26	12	53	47.28	1
2017	1	26	12	53	47.282	1
2017	1	26	12	53	47.296	1
2017	1	26	12	53	47.297	1
2017	1	26	12	53	47.313	1
2017	1	26	12	53	47.316	1
2017	1	26	12	53	47.322	1
2017	1	26	12	53	47.333	1
2017	1	26	12	53	47.339	1
2017	1	26	12	53	47.347	1
2017	1	26	12	53	47.356	1
2017	1	26	12	53	47.363	1
2017	1	26	12	53	47.373	1
2017	1	26	12	53	47.38	1
2017	1	26	12	53	47.391	1
2017	1	26	12	53	47.397	1
2017	1	26	12	53	47.406	1
2017	1	26	12	53	47.413	1
2017	1	26	12	53	47.422	1
2017	1	26	12	53	47.43	1
2017	1	26	12	53	47.438	1
2017	1	26	12	53	47.447	1
2017	1	26	12	53	47.455	1
2017	1	26	12	53	47.465	1
2017	1	26	12	53	47.472	1
2017	1	26	12	53	47.481	1
2017	1	26	12	53	47.489	1
2017	1	26	12	53	47.499	1
2017	1	26	12	53	47.505	1
2017	1	26	12	53	47.514	1
2017	1	26	12	53	47.53	1
2017	1	26	12	53	47.53	1
2017	1	26	12	53	47.546	1
2017	1	26	12	53	47.548	1
2017	1	26	12	53	47.563	1
2017	1	26	12	53	47.563	1
2017	1	26	12	53	47.579	1
2017	1	26	12	53	47.58	1
2017	1	26	12	53	47.588	1
2017	1	26	12	53	47.599	1
2017	1	26	12	53	47.605	1
2017	1	26	12	53	47.614	1
2017	1	26	12	53	47.622	1
2017	1	26	12	53	47.631	1
2017	1	26	12	53	47.638	1
2017	1	26	12	53	47.649	1
2017	1	26	12	53	47.662	1
2017	1	26	12	53	47.664	1
2017	1	26	12	53	47.679	1
2017	1	26	12	53	47.681	1
2017	1	26	12	53	47.688	1
2017	1	26	12	53	47.696	1
2017	1	26	12	53	47.705	1
2017	1	26	12	53	47.714	1
2017	1	26	12	53	47.722	1
2017	1	26	12	53	47.731	1
2017	1	26	12	53	47.738	1
2017	1	26	12	53	47.748	1
2017	1	26	12	53	47.755	1
2017	1	26	12	53	47.766	1
2017	1	26	12	53	47.772	1
2017	1	26	12	53	47.782	1
2017	1	26	12	53	47.797	1
2017	1	26	12	53	47.799	1
2017	1	26	12	53	47.813	1
2017	1	26	12	53	47.814	1
2017	1	26	12	53	47.83	1
2017	1	26	12	53	47.83	1
2017	1	26	12	53	47.846	1
2017	1	26	12	53	47.848	1
2017	1	26	12	53	47.856	1
2017	1	26	12	53	47.864	1
2017	1	26	12	53	47.872	1
2017	1	26	12	53	47.881	1
2017	1	26	12	53	47.888	1
2017	1	26	12	53	47.901	1
2017	1	26	12	53	47.905	1
2017	1	26	12	53	47.915	1
2017	1	26	12	53	47.929	1
2017	1	26	12	53	47.93	1
2017	1	26	12	53	47.947	1
2017	1	26	12	53	47.947	1
2017	1	26	12	53	47.963	1
2017	1	26	12	53	47.963	1
2017	1	26	12	53	47.972	1
2017	1	26	12	53	47.981	1
2017	1	26	12	53	47.989	1
2017	1	26	12	53	47.999	1
2017	1	26	12	53	48.005	1
2017	1	26	12	53	48.016	1
2017	1	26	12	53	48.022	1
2017	1	26	12	53	48.032	1
2017	1	26	12	53	48.038	1
2017	1	26	12	53	48.048	1
2017	1	26	12	53	48.055	1
2017	1	26	12	53	48.065	1
2017	1	26	12	53	48.08	1
2017	1	26	12	53	48.08	1
2017	1	26	12	53	48.096	1
2017	1	26	12	53	48.098	1
2017	1	26	12	53	48.113	1
2017	1	26	12	53	48.115	1
2017	1	26	12	53	48.122	1
2017	1	26	12	53	48.131	1
2017	1	26	12	53	48.138	1
2017	1	26	12	53	48.148	1
2017	1	26	12	53	48.155	1
2017	1	26	12	53	48.165	1
2017	1	26	12	53	48.171	1
2017	1	26	12	53	48.181	1
2017	1	26	12	53	48.196	1
2017	1	26	12	53	48.197	1
2017	1	26	12	53	48.213	1
2017	1	26	12	53	48.215	1
2017	1	26	12	53	48.229	1
2017	1	26	12	53	48.231	1
2017	1	26	12	53	48.246	1
2017	1	26	12	53	48.248	1
2017	1	26	12	53	48.255	1
2017	1	26	12	53	48.265	1
2017	1	26	12	53	48.271	1
2017	1	26	12	53	48.282	1
2017	1	26	12	53	48.288	1
2017	1	26	12	53	48.299	1
2017	1	26	12	53	48.305	1
2017	1	26	12	53	48.315	1
2017	1	26	12	53	48.322	1
2017	1	26	12	53	48.331	1
2017	1	26	12	53	48.346	1
2017	1	26	12	53	48.347	1
2017	1	26	12	53	48.363	1
2017	1	26	12	53	48.365	1
2017	1	26	12	53	48.38	1
2017	1	26	12	53	48.382	1
2017	1	26	12	53	48.396	1
2017	1	26	12	53	48.397	1
2017	1	26	12	53	48.405	1
2017	1	26	12	53	48.415	1
2017	1	26	12	53	48.422	1
2017	1	26	12	53	48.432	1
2017	1	26	12	53	48.438	1
2017	1	26	12	53	48.448	1
2017	1	26	12	53	48.455	1
2017	1	26	12	53	48.465	1
2017	1	26	12	53	48.479	1
2017	1	26	12	53	48.482	1
2017	1	26	12	53	48.497	1
2017	1	26	12	53	48.497	1
2017	1	26	12	53	48.513	1
2017	1	26	12	53	48.514	1
2017	1	26	12	53	48.53	1
2017	1	26	12	53	48.53	1
2017	1	26	12	53	48.546	1
2017	1	26	12	53	48.548	1
2017	1	26	12	53	48.555	1
2017	1	26	12	53	48.565	1
2017	1	26	12	53	48.572	1
2017	1	26	12	53	48.582	1
2017	1	26	12	53	48.588	1
2017	1	26	12	53	48.597	1
2017	1	26	12	53	48.606	1
2017	1	26	12	53	48.613	1
2017	1	26	12	53	48.624	1
2017	1	26	12	53	48.63	1
2017	1	26	12	53	48.638	1
2017	1	26	12	53	48.647	1
2017	1	26	12	53	48.655	1
2017	1	26	12	53	48.663	1
2017	1	26	12	53	48.671	1
2017	1	26	12	53	48.68	1
2017	1	26	12	53	48.688	1
2017	1	26	12	53	48.703	1
2017	1	26	12	53	48.705	1
2017	1	26	12	53	48.714	1
2017	1	26	12	53	48.729	1
2017	1	26	12	53	48.729	1
2017	1	26	12	53	48.747	1
2017	1	26	12	53	48.747	1
2017	1	26	12	53	48.763	1
2017	1	26	12	53	48.765	1
2017	1	26	12	53	48.779	1
2017	1	26	12	53	48.782	1
2017	1	26	12	53	48.796	1
2017	1	26	12	53	48.797	1
2017	1	26	12	53	48.813	1
2017	1	26	12	53	48.813	1
2017	1	26	12	53	48.821	1
2017	1	26	12	53	48.831	1
2017	1	26	12	53	48.838	1
2017	1	26	12	53	48.847	1
2017	1	26	12	53	48.855	1
2017	1	26	12	53	48.863	1
2017	1	26	12	53	48.872	1
2017	1	26	12	53	48.88	1
2017	1	26	12	53	48.888	1
2017	1	26	12	53	48.897	1
2017	1	26	12	53	48.905	1
2017	1	26	12	53	48.913	1
2017	1	26	12	53	48.922	1
2017	1	26	12	53	48.93	1
2017	1	26	12	53	48.938	1
2017	1	26	12	53	48.947	1
2017	1	26	12	53	48.955	1
2017	1	26	12	53	48.965	1
2017	1	26	12	53	48.972	1
2017	1	26	12	53	48.987	1
2017	1	26	12	53	48.989	1
2017	1	26	12	53	48.997	1
2017	1	26	12	53	49.013	1
2017	1	26	12	53	49.013	1
2017	1	26	12	53	49.03	1
2017	1	26	12	53	49.032	1
2017	1	26	12	53	49.046	1
2017	1	26	12	53	49.047	1
2017	1	26	12	53	49.063	1
2017	1	26	12	53	49.065	1
2017	1	26	12	53	49.079	1
2017	1	26	12	53	49.082	1
2017	1	26	12	53	49.088	1
2017	1	26	12	53	49.113	1
2017	1	26	12	53	49.114	1
2017	1	26	12	53	49.114	1
2017	1	26	12	53	49.122	1
2017	1	26	12	53	49.13	1
2017	1	26	12	53	49.139	1
2017	1	26	12	53	49.147	1
2017	1	26	12	53	49.155	1
2017	1	26	12	53	49.163	1
2017	1	26	12	53	49.173	1
2017	1	26	12	53	49.18	1
2017	1	26	12	53	49.189	1
2017	1	26	12	53	49.197	1
2017	1	26	12	53	49.205	1
2017	1	26	12	53	49.214	1
2017	1	26	12	53	49.222	1
2017	1	26	12	53	49.233	1
2017	1	26	12	53	49.238	1
2017	1	26	12	53	49.248	1
2017	1	26	12	53	49.255	1
2017	1	26	12	53	49.264	1
2017	1	26	12	53	49.272	1
2017	1	26	12	53	49.28	1
2017	1	26	12	53	49.296	1
2017	1	26	12	53	49.298	1
2017	1	26	12	53	49.313	1
2017	1	26	12	53	49.315	1
2017	1	26	12	53	49.329	1
2017	1	26	12	53	49.331	1
2017	1	26	12	53	49.346	1
2017	1	26	12	53	49.346	1
2017	1	26	12	53	49.355	1
2017	1	26	12	53	49.365	1
2017	1	26	12	53	49.372	1
2017	1	26	12	53	49.381	1
2017	1	26	12	53	49.388	1
2017	1	26	12	53	49.398	1
2017	1	26	12	53	49.41	1
2017	1	26	12	53	49.415	1
2017	1	26	12	53	49.422	1
2017	1	26	12	53	49.431	1
2017	1	26	12	53	49.446	1
2017	1	26	12	53	49.448	1
2017	1	26	12	53	49.463	1
2017	1	26	12	53	49.464	1
2017	1	26	12	53	49.48	1
2017	1	26	12	53	49.482	1
2017	1	26	12	53	49.496	1
2017	1	26	12	53	49.499	1
2017	1	26	12	53	49.513	1
2017	1	26	12	53	49.513	1
2017	1	26	12	53	49.522	1
2017	1	26	12	53	49.53	1
2017	1	26	12	53	49.539	1
2017	1	26	12	53	49.547	1
2017	1	26	12	53	49.555	1
2017	1	26	12	53	49.564	1
2017	1	26	12	53	49.572	1
2017	1	26	12	53	49.581	1
2017	1	26	12	53	49.588	1
2017	1	26	12	53	49.598	1
2017	1	26	12	53	49.605	1
2017	1	26	12	53	49.615	1
2017	1	26	12	53	49.629	1
2017	1	26	12	53	49.632	1
2017	1	26	12	53	49.638	1
2017	1	26	12	53	49.647	1
2017	1	26	12	53	49.655	1
2017	1	26	12	53	49.664	1
2017	1	26	12	53	49.672	1
2017	1	26	12	53	49.68	1
2017	1	26	12	53	49.688	1
2017	1	26	12	53	49.698	1
2017	1	26	12	53	49.705	1
2017	1	26	12	53	49.714	1
2017	1	26	12	53	49.722	1
2017	1	26	12	53	49.733	1
2017	1	26	12	53	49.738	1
2017	1	26	12	53	49.748	1
2017	1	26	12	53	49.755	1
2017	1	26	12	53	49.764	1
2017	1	26	12	53	49.779	1
2017	1	26	12	53	49.782	1
2017	1	26	12	53	49.796	1
2017	1	26	12	53	49.797	1
2017	1	26	12	53	49.813	1
2017	1	26	12	53	49.813	1
2017	1	26	12	53	49.829	1
2017	1	26	12	53	49.831	1
2017	1	26	12	53	49.838	1
2017	1	26	12	53	49.848	1
2017	1	26	12	53	49.855	1
2017	1	26	12	53	49.865	1
2017	1	26	12	53	49.872	1
2017	1	26	12	53	49.881	1
2017	1	26	12	53	49.888	1
2017	1	26	12	53	49.897	1
2017	1	26	12	53	49.905	1
2017	1	26	12	53	49.915	1
2017	1	26	12	53	49.929	1
2017	1	26	12	53	49.932	1
2017	1	26	12	53	49.938	1
2017	1	26	12	53	49.946	1
2017	1	26	12	53	49.955	1
2017	1	26	12	53	49.964	1
2017	1	26	12	53	49.972	1
2017	1	26	12	53	49.981	1
2017	1	26	12	53	49.989	1
2017	1	26	12	53	49.999	1
2017	1	26	12	53	50.005	1
2017	1	26	12	53	50.015	1
2017	1	26	12	53	50.022	1
2017	1	26	12	53	50.032	1
2017	1	26	12	53	50.046	1
2017	1	26	12	53	50.048	1
2017	1	26	12	53	50.063	1
2017	1	26	12	53	50.065	1
2017	1	26	12	53	50.08	1
2017	1	26	12	53	50.08	1
2017	1	26	12	53	50.096	1
2017	1	26	12	53	50.097	1
2017	1	26	12	53	50.105	1
2017	1	26	12	53	50.114	1
2017	1	26	12	53	50.122	1
2017	1	26	12	53	50.131	1
2017	1	26	12	53	50.139	1
2017	1	26	12	53	50.148	1
2017	1	26	12	53	50.155	1
2017	1	26	12	53	50.165	1
2017	1	26	12	53	50.172	1
2017	1	26	12	53	50.182	1
2017	1	26	12	53	50.196	1
2017	1	26	12	53	50.197	1
2017	1	26	12	53	50.213	1
2017	1	26	12	53	50.213	1
2017	1	26	12	53	50.229	1
2017	1	26	12	53	50.231	1
2017	1	26	12	53	50.238	1
2017	1	26	12	53	50.247	1
2017	1	26	12	53	50.255	1
2017	1	26	12	53	50.265	1
2017	1	26	12	53	50.272	1
2017	1	26	12	53	50.281	1
2017	1	26	12	53	50.288	1
2017	1	26	12	53	50.299	1
2017	1	26	12	53	50.305	1
2017	1	26	12	53	50.314	1
2017	1	26	12	53	50.33	1
2017	1	26	12	53	50.33	1
2017	1	26	12	53	50.346	1
2017	1	26	12	53	50.347	1
2017	1	26	12	53	50.362	1
2017	1	26	12	53	50.364	1
2017	1	26	12	53	50.379	1
2017	1	26	12	53	50.38	1
2017	1	26	12	53	50.396	1
2017	1	26	12	53	50.396	1
2017	1	26	12	53	50.405	1
2017	1	26	12	53	50.415	1
2017	1	26	12	53	50.421	1
2017	1	26	12	53	50.431	1
2017	1	26	12	53	50.438	1
2017	1	26	12	53	50.448	1
2017	1	26	12	53	50.455	1
2017	1	26	12	53	50.464	1
2017	1	26	12	53	50.479	1
2017	1	26	12	53	50.481	1
2017	1	26	12	53	50.496	1
2017	1	26	12	53	50.496	1
2017	1	26	12	53	50.513	1
2017	1	26	12	53	50.513	1
2017	1	26	12	53	50.53	1
2017	1	26	12	53	50.531	1
2017	1	26	12	53	50.547	1
2017	1	26	12	53	50.547	1
2017	1	26	12	53	50.555	1
2017	1	26	12	53	50.566	1
2017	1	26	12	53	50.572	1
2017	1	26	12	53	50.581	1
2017	1	26	12	53	50.589	1
2017	1	26	12	53	50.597	1
2017	1	26	12	53	50.606	1
2017	1	26	12	53	50.613	1
2017	1	26	12	53	50.622	1
2017	1	26	12	53	50.63	1
2017	1	26	12	53	50.638	1
2017	1	26	12	53	50.647	1
2017	1	26	12	53	50.655	1
2017	1	26	12	53	50.664	1
2017	1	26	12	53	50.672	1
2017	1	26	12	53	50.68	1
2017	1	26	12	53	50.688	1
2017	1	26	12	53	50.698	1
2017	1	26	12	53	50.705	1
2017	1	26	12	53	50.715	1
2017	1	26	12	53	50.73	1
2017	1	26	12	53	50.731	1
2017	1	26	12	53	50.746	1
2017	1	26	12	53	50.747	1
2017	1	26	12	53	50.763	1
2017	1	26	12	53	50.763	1
2017	1	26	12	53	50.779	1
2017	1	26	12	53	50.781	1
2017	1	26	12	53	50.796	1
2017	1	26	12	53	50.798	1
2017	1	26	12	53	50.813	1
2017	1	26	12	53	50.813	1
2017	1	26	12	53	50.822	1
2017	1	26	12	53	50.831	1
2017	1	26	12	53	50.838	1
2017	1	26	12	53	50.846	1
2017	1	26	12	53	50.855	1
2017	1	26	12	53	50.863	1
2017	1	26	12	53	50.872	1
2017	1	26	12	53	50.88	1
2017	1	26	12	53	50.889	1
2017	1	26	12	53	50.897	1
2017	1	26	12	53	50.905	1
2017	1	26	12	53	50.913	1
2017	1	26	12	53	50.922	1
2017	1	26	12	53	50.931	1
2017	1	26	12	53	50.938	1
2017	1	26	12	53	50.948	1
2017	1	26	12	53	50.955	1
2017	1	26	12	53	50.964	1
2017	1	26	12	53	50.972	1
2017	1	26	12	53	50.982	1
2017	1	26	12	53	50.996	1
2017	1	26	12	53	50.998	1
2017	1	26	12	53	51.013	1
2017	1	26	12	53	51.013	1
2017	1	26	12	53	51.029	1
2017	1	26	12	53	51.03	1
2017	1	26	12	53	51.046	1
2017	1	26	12	53	51.047	1
2017	1	26	12	53	51.062	1
2017	1	26	12	53	51.065	1
2017	1	26	12	53	51.072	1
2017	1	26	12	53	51.081	1
2017	1	26	12	53	51.089	1
2017	1	26	12	53	51.1	1
2017	1	26	12	53	51.105	1
2017	1	26	12	53	51.114	1
2017	1	26	12	53	51.122	1
2017	1	26	12	53	51.131	1
2017	1	26	12	53	51.138	1
2017	1	26	12	53	51.147	1
2017	1	26	12	53	51.156	1
2017	1	26	12	53	51.163	1
2017	1	26	12	53	51.172	1
2017	1	26	12	53	51.18	1
2017	1	26	12	53	51.188	1
2017	1	26	12	53	51.197	1
2017	1	26	12	53	51.205	1
2017	1	26	12	53	51.214	1
2017	1	26	12	53	51.222	1
2017	1	26	12	53	51.231	1
2017	1	26	12	53	51.238	1
2017	1	26	12	53	51.249	1
2017	1	26	12	53	51.255	1
2017	1	26	12	53	51.264	1
2017	1	26	12	53	51.272	1
2017	1	26	12	53	51.28	1
2017	1	26	12	53	51.296	1
2017	1	26	12	53	51.298	1
2017	1	26	12	53	51.313	1
2017	1	26	12	53	51.315	1
2017	1	26	12	53	51.329	1
2017	1	26	12	53	51.331	1
2017	1	26	12	53	51.346	1
2017	1	26	12	53	51.346	1
2017	1	26	12	53	51.355	1
2017	1	26	12	53	51.365	1
2017	1	26	12	53	51.371	1
2017	1	26	12	53	51.381	1
2017	1	26	12	53	51.388	1
2017	1	26	12	53	51.397	1
2017	1	26	12	53	51.405	1
2017	1	26	12	53	51.414	1
2017	1	26	12	53	51.422	1
2017	1	26	12	53	51.432	1
2017	1	26	12	53	51.446	1
2017	1	26	12	53	51.448	1
2017	1	26	12	53	51.463	1
2017	1	26	12	53	51.463	1
2017	1	26	12	53	51.471	1
2017	1	26	12	53	51.481	1
2017	1	26	12	53	51.488	1
2017	1	26	12	53	51.499	1
2017	1	26	12	53	51.505	1
2017	1	26	12	53	51.514	1
2017	1	26	12	53	51.521	1
2017	1	26	12	53	51.532	1
2017	1	26	12	53	51.538	1
2017	1	26	12	53	51.547	1
2017	1	26	12	53	51.562	1
2017	1	26	12	53	51.564	1
2017	1	26	12	53	51.58	1
2017	1	26	12	53	51.58	1
2017	1	26	12	53	51.596	1
2017	1	26	12	53	51.598	1
2017	1	26	12	53	51.613	1
2017	1	26	12	53	51.615	1
2017	1	26	12	53	51.622	1
2017	1	26	12	53	51.631	1
2017	1	26	12	53	51.638	1
2017	1	26	12	53	51.648	1
2017	1	26	12	53	51.655	1
2017	1	26	12	53	51.665	1
2017	1	26	12	53	51.672	1
2017	1	26	12	53	51.68	1
2017	1	26	12	53	51.696	1
2017	1	26	12	53	51.697	1
2017	1	26	12	53	51.713	1
2017	1	26	12	53	51.716	1
2017	1	26	12	53	51.729	1
2017	1	26	12	53	51.731	1
2017	1	26	12	53	51.739	1
2017	1	26	12	53	51.747	1
2017	1	26	12	53	51.755	1
2017	1	26	12	53	51.764	1
2017	1	26	12	53	51.772	1
2017	1	26	12	53	51.782	1
2017	1	26	12	53	51.788	1
2017	1	26	12	53	51.799	1
2017	1	26	12	53	51.805	1
2017	1	26	12	53	51.814	1
2017	1	26	12	53	51.829	1
2017	1	26	12	53	51.83	1
2017	1	26	12	53	51.846	1
2017	1	26	12	53	51.849	1
2017	1	26	12	53	51.863	1
2017	1	26	12	53	51.863	1
2017	1	26	12	53	51.879	1
2017	1	26	12	53	51.88	1
2017	1	26	12	53	51.888	1
2017	1	26	12	53	51.897	1
2017	1	26	12	53	51.905	1
2017	1	26	12	53	51.914	1
2017	1	26	12	53	51.922	1
2017	1	26	12	53	51.931	1
2017	1	26	12	53	51.946	1
2017	1	26	12	53	51.946	1
2017	1	26	12	53	51.962	1
2017	1	26	12	53	51.965	1
2017	1	26	12	53	51.979	1
2017	1	26	12	53	51.981	1
2017	1	26	12	53	51.996	1
2017	1	26	12	53	51.997	1
2017	1	26	12	53	52.013	1
2017	1	26	12	53	52.013	1
2017	1	26	12	53	52.021	1
2017	1	26	12	53	52.03	1
2017	1	26	12	53	52.038	1
2017	1	26	12	53	52.048	1
2017	1	26	12	53	52.055	1
2017	1	26	12	53	52.063	1
2017	1	26	12	53	52.071	1
2017	1	26	12	53	52.08	1
2017	1	26	12	53	52.09	1
2017	1	26	12	53	52.096	1
2017	1	26	12	53	52.106	1
2017	1	26	12	53	52.113	1
2017	1	26	12	53	52.121	1
2017	1	26	12	53	52.13	1
2017	1	26	12	53	52.138	1
2017	1	26	12	53	52.148	1
2017	1	26	12	53	52.155	1
2017	1	26	12	53	52.164	1
2017	1	26	12	53	52.172	1
2017	1	26	12	53	52.181	1
2017	1	26	12	53	52.188	1
2017	1	26	12	53	52.198	1
2017	1	26	12	53	52.205	1
2017	1	26	12	53	52.213	1
2017	1	26	12	53	52.23	1
2017	1	26	12	53	52.23	1
2017	1	26	12	53	52.246	1
2017	1	26	12	53	52.248	1
2017	1	26	12	53	52.263	1
2017	1	26	12	53	52.263	1
2017	1	26	12	53	52.279	1
2017	1	26	12	53	52.281	1
2017	1	26	12	53	52.296	1
2017	1	26	12	53	52.296	1
2017	1	26	12	53	52.313	1
2017	1	26	12	53	52.315	1
2017	1	26	12	53	52.321	1
2017	1	26	12	53	52.331	1
2017	1	26	12	53	52.338	1
2017	1	26	12	53	52.347	1
2017	1	26	12	53	52.355	1
2017	1	26	12	53	52.363	1
2017	1	26	12	53	52.372	1
2017	1	26	12	53	52.38	1
2017	1	26	12	53	52.388	1
2017	1	26	12	53	52.397	1
2017	1	26	12	53	52.405	1
2017	1	26	12	53	52.413	1
2017	1	26	12	53	52.422	1
2017	1	26	12	53	52.43	1
2017	1	26	12	53	52.438	1
2017	1	26	12	53	52.448	1
2017	1	26	12	53	52.455	1
2017	1	26	12	53	52.464	1
2017	1	26	12	53	52.471	1
2017	1	26	12	53	52.48	1
2017	1	26	12	53	52.488	1
2017	1	26	12	53	52.498	1
2017	1	26	12	53	52.513	1
2017	1	26	12	53	52.516	1
2017	1	26	12	53	52.529	1
2017	1	26	12	53	52.53	1
2017	1	26	12	53	52.546	1
2017	1	26	12	53	52.546	1
2017	1	26	12	53	52.562	1
2017	1	26	12	53	52.563	1
2017	1	26	12	53	52.579	1
2017	1	26	12	53	52.581	1
2017	1	26	12	53	52.588	1
2017	1	26	12	53	52.599	1
2017	1	26	12	53	52.605	1
2017	1	26	12	53	52.614	1
2017	1	26	12	53	52.621	1
2017	1	26	12	53	52.631	1
2017	1	26	12	53	52.646	1
2017	1	26	12	53	52.646	1
2017	1	26	12	53	52.655	1
2017	1	26	12	53	52.663	1
2017	1	26	12	53	52.672	1
2017	1	26	12	53	52.68	1
2017	1	26	12	53	52.688	1
2017	1	26	12	53	52.697	1
2017	1	26	12	53	52.713	1
2017	1	26	12	53	52.714	1
2017	1	26	12	53	52.729	1
2017	1	26	12	53	52.73	1
2017	1	26	12	53	52.746	1
2017	1	26	12	53	52.747	1
2017	1	26	12	53	52.763	1
2017	1	26	12	53	52.765	1
2017	1	26	12	53	52.78	1
2017	1	26	12	53	52.78	1
2017	1	26	12	53	52.788	1
2017	1	26	12	53	52.796	1
2017	1	26	12	53	52.805	1
2017	1	26	12	53	52.813	1
2017	1	26	12	53	52.822	1
2017	1	26	12	53	52.83	1
2017	1	26	12	53	52.839	1
2017	1	26	12	53	52.846	1
2017	1	26	12	53	52.855	1
2017	1	26	12	53	52.863	1
2017	1	26	12	53	52.871	1
2017	1	26	12	53	52.88	1
2017	1	26	12	53	52.888	1
2017	1	26	12	53	52.896	1
2017	1	26	12	53	52.905	1
2017	1	26	12	53	52.914	1
2017	1	26	12	53	52.921	1
2017	1	26	12	53	52.931	1
2017	1	26	12	53	52.938	1
2017	1	26	12	53	52.949	1
2017	1	26	12	53	52.955	1
2017	1	26	12	53	52.965	1
2017	1	26	12	53	52.979	1
2017	1	26	12	53	52.98	1
2017	1	26	12	53	52.996	1
2017	1	26	12	53	52.996	1
2017	1	26	12	53	53.013	1
2017	1	26	12	53	53.013	1
2017	1	26	12	53	53.029	1
2017	1	26	12	53	53.03	1
2017	1	26	12	53	53.046	1
2017	1	26	12	53	53.046	1
2017	1	26	12	53	53.055	1
2017	1	26	12	53	53.065	1
2017	1	26	12	53	53.072	1
2017	1	26	12	53	53.081	1
2017	1	26	12	53	53.088	1
2017	1	26	12	53	53.096	1
2017	1	26	12	53	53.105	1
2017	1	26	12	53	53.113	1
2017	1	26	12	53	53.122	1
2017	1	26	12	53	53.13	1
2017	1	26	12	53	53.138	1
2017	1	26	12	53	53.146	1
2017	1	26	12	53	53.155	1
2017	1	26	12	53	53.163	1
2017	1	26	12	53	53.171	1
2017	1	26	12	53	53.18	1
2017	1	26	12	53	53.188	1
2017	1	26	12	53	53.198	1
2017	1	26	12	53	53.204	1
2017	1	26	12	53	53.214	1
2017	1	26	12	53	53.221	1
2017	1	26	12	53	53.234	1
2017	1	26	12	53	53.239	1
2017	1	26	12	53	53.249	1
2017	1	26	12	53	53.262	1
2017	1	26	12	53	53.264	1
2017	1	26	12	53	53.279	1
2017	1	26	12	53	53.279	1
2017	1	26	12	53	53.296	1
2017	1	26	12	53	53.297	1
2017	1	26	12	53	53.313	1
2017	1	26	12	53	53.313	1
2017	1	26	12	53	53.322	1
2017	1	26	12	53	53.331	1
2017	1	26	12	53	53.339	1
2017	1	26	12	53	53.348	1
2017	1	26	12	53	53.355	1
2017	1	26	12	53	53.365	1
2017	1	26	12	53	53.371	1
2017	1	26	12	53	53.38	1
2017	1	26	12	53	53.39	1
2017	1	26	12	53	53.397	1
2017	1	26	12	53	53.406	1
2017	1	26	12	53	53.413	1
2017	1	26	12	53	53.422	1
2017	1	26	12	53	53.43	1
2017	1	26	12	53	53.438	1
2017	1	26	12	53	53.447	1
2017	1	26	12	53	53.455	1
2017	1	26	12	53	53.464	1
2017	1	26	12	53	53.472	1
2017	1	26	12	53	53.482	1
2017	1	26	12	53	53.488	1
2017	1	26	12	53	53.498	1
2017	1	26	12	53	53.513	1
2017	1	26	12	53	53.513	1
2017	1	26	12	53	53.53	1
2017	1	26	12	53	53.53	1
2017	1	26	12	53	53.546	1
2017	1	26	12	53	53.546	1
2017	1	26	12	53	53.562	1
2017	1	26	12	53	53.564	1
2017	1	26	12	53	53.579	1
2017	1	26	12	53	53.58	1
2017	1	26	12	53	53.588	1
2017	1	26	12	53	53.598	1
2017	1	26	12	53	53.605	1
2017	1	26	12	53	53.617	1
2017	1	26	12	53	53.622	1
2017	1	26	12	53	53.631	1
2017	1	26	12	53	53.646	1
2017	1	26	12	53	53.648	1
2017	1	26	12	53	53.655	1
2017	1	26	12	53	53.663	1
2017	1	26	12	53	53.672	1
2017	1	26	12	53	53.68	1
2017	1	26	12	53	53.688	1
2017	1	26	12	53	53.696	1
2017	1	26	12	53	53.705	1
2017	1	26	12	53	53.714	1
2017	1	26	12	53	53.722	1
2017	1	26	12	53	53.732	1
2017	1	26	12	53	53.738	1
2017	1	26	12	53	53.747	1
2017	1	26	12	53	53.754	1
2017	1	26	12	53	53.766	1
2017	1	26	12	53	53.772	1
2017	1	26	12	53	53.782	1
2017	1	26	12	53	53.796	1
2017	1	26	12	53	53.797	1
2017	1	26	12	53	53.813	1
2017	1	26	12	53	53.813	1
2017	1	26	12	53	53.829	1
2017	1	26	12	53	53.832	1
2017	1	26	12	53	53.846	1
2017	1	26	12	53	53.846	1
2017	1	26	12	53	53.855	1
2017	1	26	12	53	53.864	1
2017	1	26	12	53	53.872	1
2017	1	26	12	53	53.882	1
2017	1	26	12	53	53.888	1
2017	1	26	12	53	53.898	1
2017	1	26	12	53	53.905	1
2017	1	26	12	53	53.915	1
2017	1	26	12	53	53.929	1
2017	1	26	12	53	53.93	1
2017	1	26	12	53	53.938	1
2017	1	26	12	53	53.946	1
2017	1	26	12	53	53.955	1
2017	1	26	12	53	53.964	1
2017	1	26	12	53	53.971	1
2017	1	26	12	53	53.981	1
2017	1	26	12	53	53.988	1
2017	1	26	12	53	53.999	1
2017	1	26	12	53	54.005	1
2017	1	26	12	53	54.014	1
2017	1	26	12	53	54.021	1
2017	1	26	12	53	54.031	1
2017	1	26	12	53	54.038	1
2017	1	26	12	53	54.048	1
2017	1	26	12	53	54.063	1
2017	1	26	12	53	54.065	1
2017	1	26	12	53	54.079	1
2017	1	26	12	53	54.08	1
2017	1	26	12	53	54.096	1
2017	1	26	12	53	54.099	1
2017	1	26	12	53	54.113	1
2017	1	26	12	53	54.113	1
2017	1	26	12	53	54.121	1
2017	1	26	12	53	54.131	1
2017	1	26	12	53	54.138	1
2017	1	26	12	53	54.149	1
2017	1	26	12	53	54.154	1
2017	1	26	12	53	54.164	1
2017	1	26	12	53	54.171	1
2017	1	26	12	53	54.181	1
2017	1	26	12	53	54.196	1
2017	1	26	12	53	54.199	1
2017	1	26	12	53	54.213	1
2017	1	26	12	53	54.214	1
2017	1	26	12	53	54.221	1
2017	1	26	12	53	54.23	1
2017	1	26	12	53	54.238	1
2017	1	26	12	53	54.248	1
2017	1	26	12	53	54.255	1
2017	1	26	12	53	54.264	1
2017	1	26	12	53	54.271	1
2017	1	26	12	53	54.281	1
2017	1	26	12	53	54.288	1
2017	1	26	12	53	54.298	1
2017	1	26	12	53	54.305	1
2017	1	26	12	53	54.315	1
2017	1	26	12	53	54.329	1
2017	1	26	12	53	54.331	1
2017	1	26	12	53	54.346	1
2017	1	26	12	53	54.346	1
2017	1	26	12	53	54.365	1
2017	1	26	12	53	54.366	1
2017	1	26	12	53	54.371	1
2017	1	26	12	53	54.38	1
2017	1	26	12	53	54.388	1
2017	1	26	12	53	54.396	1
2017	1	26	12	53	54.405	1
2017	1	26	12	53	54.415	1
2017	1	26	12	53	54.421	1
2017	1	26	12	53	54.431	1
2017	1	26	12	53	54.438	1
2017	1	26	12	53	54.449	1
2017	1	26	12	53	54.463	1
2017	1	26	12	53	54.465	1
2017	1	26	12	53	54.48	1
2017	1	26	12	53	54.48	1
2017	1	26	12	53	54.496	1
2017	1	26	12	53	54.499	1
2017	1	26	12	53	54.513	1
2017	1	26	12	53	54.513	1
2017	1	26	12	53	54.529	1
2017	1	26	12	53	54.53	1
2017	1	26	12	53	54.538	1
2017	1	26	12	53	54.546	1
2017	1	26	12	53	54.555	1
2017	1	26	12	53	54.563	1
2017	1	26	12	53	54.572	1
2017	1	26	12	53	54.58	1
2017	1	26	12	53	54.589	1
2017	1	26	12	53	54.597	1
2017	1	26	12	53	54.606	1
2017	1	26	12	53	54.613	1
2017	1	26	12	53	54.622	1
2017	1	26	12	53	54.63	1
2017	1	26	12	53	54.638	1
2017	1	26	12	53	54.647	1
2017	1	26	12	53	54.655	1
2017	1	26	12	53	54.664	1
2017	1	26	12	53	54.672	1
2017	1	26	12	53	54.682	1
2017	1	26	12	53	54.688	1
2017	1	26	12	53	54.699	1
2017	1	26	12	53	54.705	1
2017	1	26	12	53	54.714	1
2017	1	26	12	53	54.729	1
2017	1	26	12	53	54.73	1
2017	1	26	12	53	54.746	1
2017	1	26	12	53	54.75	1
2017	1	26	12	53	54.762	1
2017	1	26	12	53	54.763	1
2017	1	26	12	53	54.779	1
2017	1	26	12	53	54.78	1
2017	1	26	12	53	54.796	1
2017	1	26	12	53	54.796	1
2017	1	26	12	53	54.805	1
2017	1	26	12	53	54.813	1
2017	1	26	12	53	54.821	1
2017	1	26	12	53	54.83	1
2017	1	26	12	53	54.838	1
2017	1	26	12	53	54.846	1
2017	1	26	12	53	54.856	1
2017	1	26	12	53	54.863	1
2017	1	26	12	53	54.871	1
2017	1	26	12	53	54.88	1
2017	1	26	12	53	54.888	1
2017	1	26	12	53	54.896	1
2017	1	26	12	53	54.904	1
2017	1	26	12	53	54.913	1
2017	1	26	12	53	54.922	1
2017	1	26	12	53	54.931	1
2017	1	26	12	53	54.938	1
2017	1	26	12	53	54.948	1
2017	1	26	12	53	54.955	1
2017	1	26	12	53	54.965	1
2017	1	26	12	53	54.979	1
2017	1	26	12	53	54.979	1
2017	1	26	12	53	54.996	1
2017	1	26	12	53	54.997	1
2017	1	26	12	53	55.013	1
2017	1	26	12	53	55.013	1
2017	1	26	12	53	55.029	1
2017	1	26	12	53	55.03	1
2017	1	26	12	53	55.046	1
2017	1	26	12	53	55.048	1
2017	1	26	12	53	55.055	1
2017	1	26	12	53	55.063	1
2017	1	26	12	53	55.072	1
2017	1	26	12	53	55.08	1
2017	1	26	12	53	55.089	1
2017	1	26	12	53	55.096	1
2017	1	26	12	53	55.106	1
2017	1	26	12	53	55.113	1
2017	1	26	12	53	55.121	1
2017	1	26	12	53	55.13	1
2017	1	26	12	53	55.138	1
2017	1	26	12	53	55.146	1
2017	1	26	12	53	55.154	1
2017	1	26	12	53	55.163	1
2017	1	26	12	53	55.172	1
2017	1	26	12	53	55.181	1
2017	1	26	12	53	55.188	1
2017	1	26	12	53	55.197	1
2017	1	26	12	53	55.205	1
2017	1	26	12	53	55.215	1
2017	1	26	12	53	55.229	1
2017	1	26	12	53	55.232	1
2017	1	26	12	53	55.246	1
2017	1	26	12	53	55.248	1
2017	1	26	12	53	55.263	1
2017	1	26	12	53	55.264	1
2017	1	26	12	53	55.28	1
2017	1	26	12	53	55.281	1
2017	1	26	12	53	55.296	1
2017	1	26	12	53	55.298	1
2017	1	26	12	53	55.305	1
2017	1	26	12	53	55.313	1
2017	1	26	12	53	55.322	1
2017	1	26	12	53	55.33	1
2017	1	26	12	53	55.339	1
2017	1	26	12	53	55.346	1
2017	1	26	12	53	55.357	1
2017	1	26	12	53	55.363	1
2017	1	26	12	53	55.371	1
2017	1	26	12	53	55.38	1
2017	1	26	12	53	55.388	1
2017	1	26	12	53	55.396	1
2017	1	26	12	53	55.404	1
