year	month	day	hour	minute	second	valid_flag
2017	1	26	11	3	55.587	1
2017	1	26	11	3	55.59	1
2017	1	26	11	3	55.603	1
2017	1	26	11	3	55.605	1
2017	1	26	11	3	55.613	1
2017	1	26	11	3	55.622	1
2017	1	26	11	3	55.636	1
2017	1	26	11	3	55.639	1
2017	1	26	11	3	55.653	1
2017	1	26	11	3	55.655	1
2017	1	26	11	3	55.669	1
2017	1	26	11	3	55.672	1
2017	1	26	11	3	55.686	1
2017	1	26	11	3	55.688	1
2017	1	26	11	3	55.703	1
2017	1	26	11	3	55.719	1
2017	1	26	11	3	55.72	1
2017	1	26	11	3	55.722	1
2017	1	26	11	3	55.73	1
2017	1	26	11	3	55.739	1
2017	1	26	11	3	55.753	1
2017	1	26	11	3	55.756	1
2017	1	26	11	3	55.764	1
2017	1	26	11	3	55.772	1
2017	1	26	11	3	55.781	1
2017	1	26	11	3	55.789	1
2017	1	26	11	3	55.797	1
2017	1	26	11	3	55.805	1
2017	1	26	11	3	55.814	1
2017	1	26	11	3	55.822	1
2017	1	26	11	3	55.83	1
2017	1	26	11	3	55.839	1
2017	1	26	11	3	55.847	1
2017	1	26	11	3	55.855	1
2017	1	26	11	3	55.869	1
2017	1	26	11	3	55.872	1
2017	1	26	11	3	55.886	1
2017	1	26	11	3	55.888	1
2017	1	26	11	3	55.903	1
2017	1	26	11	3	55.905	1
2017	1	26	11	3	55.92	1
2017	1	26	11	3	55.922	1
2017	1	26	11	3	55.937	1
2017	1	26	11	3	55.939	1
2017	1	26	11	3	55.953	1
2017	1	26	11	3	55.97	1
2017	1	26	11	3	55.97	1
2017	1	26	11	3	55.972	1
2017	1	26	11	3	55.98	1
2017	1	26	11	3	55.989	1
2017	1	26	11	3	55.997	1
2017	1	26	11	3	56.005	1
2017	1	26	11	3	56.014	1
2017	1	26	11	3	56.023	1
2017	1	26	11	3	56.03	1
2017	1	26	11	3	56.04	1
2017	1	26	11	3	56.047	1
2017	1	26	11	3	56.056	1
2017	1	26	11	3	56.064	1
2017	1	26	11	3	56.072	1
2017	1	26	11	3	56.081	1
2017	1	26	11	3	56.089	1
2017	1	26	11	3	56.103	1
2017	1	26	11	3	56.105	1
2017	1	26	11	3	56.119	1
2017	1	26	11	3	56.122	1
2017	1	26	11	3	56.136	1
2017	1	26	11	3	56.139	1
2017	1	26	11	3	56.153	1
2017	1	26	11	3	56.155	1
2017	1	26	11	3	56.169	1
2017	1	26	11	3	56.186	1
2017	1	26	11	3	56.186	1
2017	1	26	11	3	56.188	1
2017	1	26	11	3	56.197	1
2017	1	26	11	3	56.206	1
2017	1	26	11	3	56.214	1
2017	1	26	11	3	56.222	1
2017	1	26	11	3	56.23	1
2017	1	26	11	3	56.238	1
2017	1	26	11	3	56.247	1
2017	1	26	11	3	56.257	1
2017	1	26	11	3	56.264	1
2017	1	26	11	3	56.272	1
2017	1	26	11	3	56.28	1
2017	1	26	11	3	56.289	1
2017	1	26	11	3	56.297	1
2017	1	26	11	3	56.305	1
2017	1	26	11	3	56.314	1
2017	1	26	11	3	56.323	1
2017	1	26	11	3	56.336	1
2017	1	26	11	3	56.338	1
2017	1	26	11	3	56.353	1
2017	1	26	11	3	56.356	1
2017	1	26	11	3	56.37	1
2017	1	26	11	3	56.372	1
2017	1	26	11	3	56.386	1
2017	1	26	11	3	56.389	1
2017	1	26	11	3	56.403	1
2017	1	26	11	3	56.407	1
2017	1	26	11	3	56.42	1
2017	1	26	11	3	56.423	1
2017	1	26	11	3	56.43	1
2017	1	26	11	3	56.439	1
2017	1	26	11	3	56.453	1
2017	1	26	11	3	56.455	1
2017	1	26	11	3	56.47	1
2017	1	26	11	3	56.473	1
2017	1	26	11	3	56.486	1
2017	1	26	11	3	56.489	1
2017	1	26	11	3	56.503	1
2017	1	26	11	3	56.52	1
2017	1	26	11	3	56.52	1
2017	1	26	11	3	56.522	1
2017	1	26	11	3	56.53	1
2017	1	26	11	3	56.539	1
2017	1	26	11	3	56.547	1
2017	1	26	11	3	56.555	1
2017	1	26	11	3	56.563	1
2017	1	26	11	3	56.572	1
2017	1	26	11	3	56.586	1
2017	1	26	11	3	56.589	1
2017	1	26	11	3	56.603	1
2017	1	26	11	3	56.605	1
2017	1	26	11	3	56.62	1
2017	1	26	11	3	56.636	1
2017	1	26	11	3	56.637	1
2017	1	26	11	3	56.653	1
2017	1	26	11	3	56.653	1
2017	1	26	11	3	56.655	1
2017	1	26	11	3	56.664	1
2017	1	26	11	3	56.672	1
2017	1	26	11	3	56.68	1
2017	1	26	11	3	56.689	1
2017	1	26	11	3	56.697	1
2017	1	26	11	3	56.706	1
2017	1	26	11	3	56.719	1
2017	1	26	11	3	56.722	1
2017	1	26	11	3	56.736	1
2017	1	26	11	3	56.739	1
2017	1	26	11	3	56.753	1
2017	1	26	11	3	56.755	1
2017	1	26	11	3	56.77	1
2017	1	26	11	3	56.772	1
2017	1	26	11	3	56.786	1
2017	1	26	11	3	56.803	1
2017	1	26	11	3	56.803	1
2017	1	26	11	3	56.82	1
2017	1	26	11	3	56.82	1
2017	1	26	11	3	56.822	1
2017	1	26	11	3	56.83	1
2017	1	26	11	3	56.838	1
2017	1	26	11	3	56.853	1
2017	1	26	11	3	56.856	1
2017	1	26	11	3	56.87	1
2017	1	26	11	3	56.873	1
2017	1	26	11	3	56.886	1
2017	1	26	11	3	56.889	1
2017	1	26	11	3	56.903	1
2017	1	26	11	3	56.905	1
2017	1	26	11	3	56.92	1
2017	1	26	11	3	56.923	1
2017	1	26	11	3	56.936	1
2017	1	26	11	3	56.939	1
2017	1	26	11	3	56.947	1
2017	1	26	11	3	56.956	1
2017	1	26	11	3	56.964	1
2017	1	26	11	3	56.972	1
2017	1	26	11	3	56.982	1
2017	1	26	11	3	56.988	1
2017	1	26	11	3	56.997	1
2017	1	26	11	3	57.005	1
2017	1	26	11	3	57.014	1
2017	1	26	11	3	57.022	1
2017	1	26	11	3	57.03	1
2017	1	26	11	3	57.04	1
2017	1	26	11	3	57.047	1
2017	1	26	11	3	57.055	1
2017	1	26	11	3	57.064	1
2017	1	26	11	3	57.072	1
2017	1	26	11	3	57.08	1
2017	1	26	11	3	57.089	1
2017	1	26	11	3	57.103	1
2017	1	26	11	3	57.106	1
2017	1	26	11	3	57.12	1
2017	1	26	11	3	57.122	1
2017	1	26	11	3	57.137	1
2017	1	26	11	3	57.139	1
2017	1	26	11	3	57.153	1
2017	1	26	11	3	57.155	1
2017	1	26	11	3	57.17	1
2017	1	26	11	3	57.172	1
2017	1	26	11	3	57.186	1
2017	1	26	11	3	57.188	1
2017	1	26	11	3	57.197	1
2017	1	26	11	3	57.205	1
2017	1	26	11	3	57.213	1
2017	1	26	11	3	57.222	1
2017	1	26	11	3	57.23	1
2017	1	26	11	3	57.238	1
2017	1	26	11	3	57.247	1
2017	1	26	11	3	57.256	1
2017	1	26	11	3	57.264	1
2017	1	26	11	3	57.272	1
2017	1	26	11	3	57.28	1
2017	1	26	11	3	57.288	1
2017	1	26	11	3	57.297	1
2017	1	26	11	3	57.306	1
2017	1	26	11	3	57.313	1
2017	1	26	11	3	57.322	1
2017	1	26	11	3	57.336	1
2017	1	26	11	3	57.338	1
2017	1	26	11	3	57.353	1
2017	1	26	11	3	57.355	1
2017	1	26	11	3	57.369	1
2017	1	26	11	3	57.372	1
2017	1	26	11	3	57.386	1
2017	1	26	11	3	57.403	1
2017	1	26	11	3	57.403	1
2017	1	26	11	3	57.406	1
2017	1	26	11	3	57.42	1
2017	1	26	11	3	57.423	1
2017	1	26	11	3	57.431	1
2017	1	26	11	3	57.439	1
2017	1	26	11	3	57.447	1
2017	1	26	11	3	57.455	1
2017	1	26	11	3	57.464	1
2017	1	26	11	3	57.472	1
2017	1	26	11	3	57.48	1
2017	1	26	11	3	57.49	1
2017	1	26	11	3	57.497	1
2017	1	26	11	3	57.506	1
2017	1	26	11	3	57.514	1
2017	1	26	11	3	57.522	1
2017	1	26	11	3	57.53	1
2017	1	26	11	3	57.538	1
2017	1	26	11	3	57.547	1
2017	1	26	11	3	57.555	1
2017	1	26	11	3	57.569	1
2017	1	26	11	3	57.572	1
2017	1	26	11	3	57.586	1
2017	1	26	11	3	57.589	1
2017	1	26	11	3	57.604	1
2017	1	26	11	3	57.607	1
2017	1	26	11	3	57.62	1
2017	1	26	11	3	57.622	1
2017	1	26	11	3	57.63	1
2017	1	26	11	3	57.639	1
2017	1	26	11	3	57.647	1
2017	1	26	11	3	57.655	1
2017	1	26	11	3	57.664	1
2017	1	26	11	3	57.672	1
2017	1	26	11	3	57.687	1
2017	1	26	11	3	57.689	1
2017	1	26	11	3	57.703	1
2017	1	26	11	3	57.705	1
2017	1	26	11	3	57.72	1
2017	1	26	11	3	57.723	1
2017	1	26	11	3	57.736	1
2017	1	26	11	3	57.753	1
2017	1	26	11	3	57.753	1
2017	1	26	11	3	57.755	1
2017	1	26	11	3	57.763	1
2017	1	26	11	3	57.772	1
2017	1	26	11	3	57.78	1
2017	1	26	11	3	57.789	1
2017	1	26	11	3	57.797	1
2017	1	26	11	3	57.807	1
2017	1	26	11	3	57.819	1
2017	1	26	11	3	57.822	1
2017	1	26	11	3	57.837	1
2017	1	26	11	3	57.839	1
2017	1	26	11	3	57.853	1
2017	1	26	11	3	57.855	1
2017	1	26	11	3	57.87	1
2017	1	26	11	3	57.886	1
2017	1	26	11	3	57.886	1
2017	1	26	11	3	57.888	1
2017	1	26	11	3	57.897	1
2017	1	26	11	3	57.905	1
2017	1	26	11	3	57.914	1
2017	1	26	11	3	57.922	1
2017	1	26	11	3	57.93	1
2017	1	26	11	3	57.939	1
2017	1	26	11	3	57.953	1
2017	1	26	11	3	57.955	1
2017	1	26	11	3	57.969	1
2017	1	26	11	3	57.972	1
2017	1	26	11	3	57.986	1
2017	1	26	11	3	57.988	1
2017	1	26	11	3	58.003	1
2017	1	26	11	3	58.005	1
2017	1	26	11	3	58.019	1
2017	1	26	11	3	58.036	1
2017	1	26	11	3	58.036	1
2017	1	26	11	3	58.038	1
2017	1	26	11	3	58.047	1
2017	1	26	11	3	58.055	1
2017	1	26	11	3	58.07	1
2017	1	26	11	3	58.072	1
2017	1	26	11	3	58.086	1
2017	1	26	11	3	58.088	1
2017	1	26	11	3	58.103	1
2017	1	26	11	3	58.105	1
2017	1	26	11	3	58.12	1
2017	1	26	11	3	58.122	1
2017	1	26	11	3	58.136	1
2017	1	26	11	3	58.154	1
2017	1	26	11	3	58.154	1
2017	1	26	11	3	58.157	1
2017	1	26	11	3	58.164	1
2017	1	26	11	3	58.172	1
2017	1	26	11	3	58.183	1
2017	1	26	11	3	58.189	1
2017	1	26	11	3	58.197	1
2017	1	26	11	3	58.205	1
2017	1	26	11	3	58.214	1
2017	1	26	11	3	58.222	1
2017	1	26	11	3	58.23	1
2017	1	26	11	3	58.239	1
2017	1	26	11	3	58.247	1
2017	1	26	11	3	58.256	1
2017	1	26	11	3	58.263	1
2017	1	26	11	3	58.273	1
2017	1	26	11	3	58.28	1
2017	1	26	11	3	58.289	1
2017	1	26	11	3	58.297	1
2017	1	26	11	3	58.305	1
2017	1	26	11	3	58.313	1
2017	1	26	11	3	58.322	1
2017	1	26	11	3	58.336	1
2017	1	26	11	3	58.338	1
2017	1	26	11	3	58.353	1
2017	1	26	11	3	58.355	1
2017	1	26	11	3	58.37	1
2017	1	26	11	3	58.374	1
2017	1	26	11	3	58.386	1
2017	1	26	11	3	58.388	1
2017	1	26	11	3	58.403	1
2017	1	26	11	3	58.419	1
2017	1	26	11	3	58.42	1
2017	1	26	11	3	58.422	1
2017	1	26	11	3	58.43	1
2017	1	26	11	3	58.438	1
2017	1	26	11	3	58.447	1
2017	1	26	11	3	58.456	1
2017	1	26	11	3	58.464	1
2017	1	26	11	3	58.472	1
2017	1	26	11	3	58.48	1
2017	1	26	11	3	58.489	1
2017	1	26	11	3	58.503	1
2017	1	26	11	3	58.505	1
2017	1	26	11	3	58.519	1
2017	1	26	11	3	58.521	1
2017	1	26	11	3	58.53	1
2017	1	26	11	3	58.538	1
2017	1	26	11	3	58.547	1
2017	1	26	11	3	58.555	1
2017	1	26	11	3	58.563	1
2017	1	26	11	3	58.573	1
2017	1	26	11	3	58.58	1
2017	1	26	11	3	58.589	1
2017	1	26	11	3	58.596	1
2017	1	26	11	3	58.605	1
2017	1	26	11	3	58.613	1
2017	1	26	11	3	58.622	1
2017	1	26	11	3	58.63	1
2017	1	26	11	3	58.639	1
2017	1	26	11	3	58.653	1
2017	1	26	11	3	58.655	1
2017	1	26	11	3	58.67	1
2017	1	26	11	3	58.672	1
2017	1	26	11	3	58.686	1
2017	1	26	11	3	58.689	1
2017	1	26	11	3	58.703	1
2017	1	26	11	3	58.719	1
2017	1	26	11	3	58.72	1
2017	1	26	11	3	58.722	1
2017	1	26	11	3	58.73	1
2017	1	26	11	3	58.738	1
2017	1	26	11	3	58.747	1
2017	1	26	11	3	58.755	1
2017	1	26	11	3	58.763	1
2017	1	26	11	3	58.772	1
2017	1	26	11	3	58.786	1
2017	1	26	11	3	58.788	1
2017	1	26	11	3	58.803	1
2017	1	26	11	3	58.806	1
2017	1	26	11	3	58.813	1
2017	1	26	11	3	58.823	1
2017	1	26	11	3	58.83	1
2017	1	26	11	3	58.839	1
2017	1	26	11	3	58.847	1
2017	1	26	11	3	58.855	1
2017	1	26	11	3	58.863	1
2017	1	26	11	3	58.872	1
2017	1	26	11	3	58.886	1
2017	1	26	11	3	58.888	1
2017	1	26	11	3	58.903	1
2017	1	26	11	3	58.905	1
2017	1	26	11	3	58.919	1
2017	1	26	11	3	58.922	1
2017	1	26	11	3	58.936	1
2017	1	26	11	3	58.938	1
2017	1	26	11	3	58.953	1
2017	1	26	11	3	58.955	1
2017	1	26	11	3	58.97	1
2017	1	26	11	3	58.972	1
2017	1	26	11	3	58.98	1
2017	1	26	11	3	58.988	1
2017	1	26	11	3	58.996	1
2017	1	26	11	3	59.006	1
2017	1	26	11	3	59.014	1
2017	1	26	11	3	59.022	1
2017	1	26	11	3	59.036	1
2017	1	26	11	3	59.039	1
2017	1	26	11	3	59.054	1
2017	1	26	11	3	59.057	1
2017	1	26	11	3	59.064	1
2017	1	26	11	3	59.073	1
2017	1	26	11	3	59.08	1
2017	1	26	11	3	59.089	1
2017	1	26	11	3	59.097	1
2017	1	26	11	3	59.105	1
2017	1	26	11	3	59.114	1
2017	1	26	11	3	59.122	1
2017	1	26	11	3	59.137	1
2017	1	26	11	3	59.14	1
2017	1	26	11	3	59.153	1
2017	1	26	11	3	59.155	1
2017	1	26	11	3	59.169	1
2017	1	26	11	3	59.173	1
2017	1	26	11	3	59.187	1
2017	1	26	11	3	59.189	1
2017	1	26	11	3	59.203	1
2017	1	26	11	3	59.22	1
2017	1	26	11	3	59.22	1
2017	1	26	11	3	59.222	1
2017	1	26	11	3	59.231	1
2017	1	26	11	3	59.238	1
2017	1	26	11	3	59.246	1
2017	1	26	11	3	59.255	1
2017	1	26	11	3	59.27	1
2017	1	26	11	3	59.272	1
2017	1	26	11	3	59.28	1
2017	1	26	11	3	59.288	1
2017	1	26	11	3	59.297	1
2017	1	26	11	3	59.305	1
2017	1	26	11	3	59.313	1
2017	1	26	11	3	59.322	1
2017	1	26	11	3	59.33	1
2017	1	26	11	3	59.338	1
2017	1	26	11	3	59.347	1
2017	1	26	11	3	59.355	1
2017	1	26	11	3	59.363	1
2017	1	26	11	3	59.372	1
2017	1	26	11	3	59.38	1
2017	1	26	11	3	59.388	1
2017	1	26	11	3	59.403	1
2017	1	26	11	3	59.406	1
2017	1	26	11	3	59.419	1
2017	1	26	11	3	59.422	1
2017	1	26	11	3	59.436	1
2017	1	26	11	3	59.439	1
2017	1	26	11	3	59.453	1
2017	1	26	11	3	59.455	1
2017	1	26	11	3	59.47	1
2017	1	26	11	3	59.472	1
2017	1	26	11	3	59.48	1
2017	1	26	11	3	59.489	1
2017	1	26	11	3	59.497	1
2017	1	26	11	3	59.505	1
2017	1	26	11	3	59.514	1
2017	1	26	11	3	59.522	1
2017	1	26	11	3	59.536	1
2017	1	26	11	3	59.538	1
2017	1	26	11	3	59.553	1
2017	1	26	11	3	59.555	1
2017	1	26	11	3	59.564	1
2017	1	26	11	3	59.572	1
2017	1	26	11	3	59.58	1
2017	1	26	11	3	59.589	1
2017	1	26	11	3	59.597	1
2017	1	26	11	3	59.607	1
2017	1	26	11	3	59.614	1
2017	1	26	11	3	59.622	1
2017	1	26	11	3	59.63	1
2017	1	26	11	3	59.638	1
2017	1	26	11	3	59.647	1
2017	1	26	11	3	59.655	1
2017	1	26	11	3	59.67	1
2017	1	26	11	3	59.673	1
2017	1	26	11	3	59.686	1
2017	1	26	11	3	59.688	1
2017	1	26	11	3	59.703	1
2017	1	26	11	3	59.705	1
2017	1	26	11	3	59.719	1
2017	1	26	11	3	59.736	1
2017	1	26	11	3	59.736	1
2017	1	26	11	3	59.739	1
2017	1	26	11	3	59.747	1
2017	1	26	11	3	59.755	1
2017	1	26	11	3	59.763	1
2017	1	26	11	3	59.772	1
2017	1	26	11	3	59.78	1
2017	1	26	11	3	59.789	1
2017	1	26	11	3	59.803	1
2017	1	26	11	3	59.806	1
2017	1	26	11	3	59.82	1
2017	1	26	11	3	59.822	1
2017	1	26	11	3	59.836	1
2017	1	26	11	3	59.839	1
2017	1	26	11	3	59.846	1
2017	1	26	11	3	59.857	1
2017	1	26	11	3	59.864	1
2017	1	26	11	3	59.872	1
2017	1	26	11	3	59.88	1
2017	1	26	11	3	59.888	1
2017	1	26	11	3	59.896	1
2017	1	26	11	3	59.905	1
2017	1	26	11	3	59.919	1
2017	1	26	11	3	59.921	1
2017	1	26	11	3	59.936	1
2017	1	26	11	3	59.94	1
2017	1	26	11	3	59.953	1
2017	1	26	11	3	59.955	1
2017	1	26	11	3	59.969	1
2017	1	26	11	3	59.986	1
2017	1	26	11	3	59.986	1
2017	1	26	11	3	59.99	1
2017	1	26	11	3	59.997	1
2017	1	26	11	4	0.005	1
2017	1	26	11	4	0.013	1
2017	1	26	11	4	0.022	1
2017	1	26	11	4	0.03	1
2017	1	26	11	4	0.039	1
2017	1	26	11	4	0.047	1
2017	1	26	11	4	0.055	1
2017	1	26	11	4	0.07	1
2017	1	26	11	4	0.072	1
2017	1	26	11	4	0.08	1
2017	1	26	11	4	0.089	1
2017	1	26	11	4	0.097	1
2017	1	26	11	4	0.105	1
2017	1	26	11	4	0.114	1
2017	1	26	11	4	0.122	1
2017	1	26	11	4	0.13	1
2017	1	26	11	4	0.139	1
2017	1	26	11	4	0.153	1
2017	1	26	11	4	0.155	1
2017	1	26	11	4	0.17	1
2017	1	26	11	4	0.173	1
2017	1	26	11	4	0.186	1
2017	1	26	11	4	0.188	1
2017	1	26	11	4	0.203	1
2017	1	26	11	4	0.207	1
2017	1	26	11	4	0.22	1
2017	1	26	11	4	0.236	1
2017	1	26	11	4	0.237	1
2017	1	26	11	4	0.239	1
2017	1	26	11	4	0.247	1
2017	1	26	11	4	0.269	1
2017	1	26	11	4	0.27	1
2017	1	26	11	4	0.272	1
2017	1	26	11	4	0.285	1
2017	1	26	11	4	0.289	1
2017	1	26	11	4	0.302	1
2017	1	26	11	4	0.305	1
2017	1	26	11	4	0.319	1
2017	1	26	11	4	0.322	1
2017	1	26	11	4	0.33	1
2017	1	26	11	4	0.339	1
2017	1	26	11	4	0.347	1
2017	1	26	11	4	0.356	1
2017	1	26	11	4	0.364	1
2017	1	26	11	4	0.373	1
2017	1	26	11	4	0.38	1
2017	1	26	11	4	0.388	1
2017	1	26	11	4	0.397	1
2017	1	26	11	4	0.405	1
2017	1	26	11	4	0.413	1
2017	1	26	11	4	0.422	1
2017	1	26	11	4	0.436	1
2017	1	26	11	4	0.439	1
2017	1	26	11	4	0.453	1
2017	1	26	11	4	0.455	1
2017	1	26	11	4	0.469	1
2017	1	26	11	4	0.472	1
2017	1	26	11	4	0.486	1
2017	1	26	11	4	0.489	1
2017	1	26	11	4	0.497	1
2017	1	26	11	4	0.506	1
2017	1	26	11	4	0.514	1
2017	1	26	11	4	0.522	1
2017	1	26	11	4	0.53	1
2017	1	26	11	4	0.539	1
2017	1	26	11	4	0.553	1
2017	1	26	11	4	0.555	1
2017	1	26	11	4	0.57	1
2017	1	26	11	4	0.572	1
2017	1	26	11	4	0.587	1
2017	1	26	11	4	0.589	1
2017	1	26	11	4	0.597	1
2017	1	26	11	4	0.606	1
2017	1	26	11	4	0.614	1
2017	1	26	11	4	0.623	1
2017	1	26	11	4	0.631	1
2017	1	26	11	4	0.639	1
2017	1	26	11	4	0.647	1
2017	1	26	11	4	0.655	1
2017	1	26	11	4	0.663	1
2017	1	26	11	4	0.672	1
2017	1	26	11	4	0.687	1
2017	1	26	11	4	0.689	1
2017	1	26	11	4	0.703	1
2017	1	26	11	4	0.705	1
2017	1	26	11	4	0.719	1
2017	1	26	11	4	0.722	1
2017	1	26	11	4	0.736	1
2017	1	26	11	4	0.738	1
2017	1	26	11	4	0.747	1
2017	1	26	11	4	0.755	1
2017	1	26	11	4	0.763	1
2017	1	26	11	4	0.772	1
2017	1	26	11	4	0.78	1
2017	1	26	11	4	0.788	1
2017	1	26	11	4	0.797	1
2017	1	26	11	4	0.806	1
2017	1	26	11	4	0.82	1
2017	1	26	11	4	0.822	1
2017	1	26	11	4	0.836	1
2017	1	26	11	4	0.838	1
2017	1	26	11	4	0.853	1
2017	1	26	11	4	0.855	1
2017	1	26	11	4	0.869	1
2017	1	26	11	4	0.887	1
2017	1	26	11	4	0.888	1
2017	1	26	11	4	0.89	1
2017	1	26	11	4	0.903	1
2017	1	26	11	4	0.906	1
2017	1	26	11	4	0.92	1
2017	1	26	11	4	0.922	1
2017	1	26	11	4	0.937	1
2017	1	26	11	4	0.939	1
2017	1	26	11	4	0.953	1
2017	1	26	11	4	0.955	1
2017	1	26	11	4	0.97	1
2017	1	26	11	4	0.972	1
2017	1	26	11	4	0.98	1
2017	1	26	11	4	0.993	1
2017	1	26	11	4	0.998	1
2017	1	26	11	4	1.005	1
2017	1	26	11	4	1.013	1
2017	1	26	11	4	1.022	1
2017	1	26	11	4	1.03	1
2017	1	26	11	4	1.038	1
2017	1	26	11	4	1.053	1
2017	1	26	11	4	1.056	1
2017	1	26	11	4	1.069	1
2017	1	26	11	4	1.072	1
2017	1	26	11	4	1.086	1
2017	1	26	11	4	1.088	1
2017	1	26	11	4	1.097	1
2017	1	26	11	4	1.105	1
2017	1	26	11	4	1.114	1
2017	1	26	11	4	1.122	1
2017	1	26	11	4	1.137	1
2017	1	26	11	4	1.139	1
2017	1	26	11	4	1.153	1
2017	1	26	11	4	1.156	1
2017	1	26	11	4	1.17	1
2017	1	26	11	4	1.172	1
2017	1	26	11	4	1.187	1
2017	1	26	11	4	1.19	1
2017	1	26	11	4	1.203	1
2017	1	26	11	4	1.205	1
2017	1	26	11	4	1.22	1
2017	1	26	11	4	1.222	1
2017	1	26	11	4	1.23	1
2017	1	26	11	4	1.238	1
2017	1	26	11	4	1.247	1
2017	1	26	11	4	1.255	1
2017	1	26	11	4	1.263	1
2017	1	26	11	4	1.273	1
2017	1	26	11	4	1.286	1
2017	1	26	11	4	1.289	1
2017	1	26	11	4	1.297	1
2017	1	26	11	4	1.307	1
2017	1	26	11	4	1.314	1
2017	1	26	11	4	1.321	1
2017	1	26	11	4	1.33	1
2017	1	26	11	4	1.353	1
2017	1	26	11	4	1.353	1
2017	1	26	11	4	1.356	1
2017	1	26	11	4	1.369	1
2017	1	26	11	4	1.372	1
2017	1	26	11	4	1.385	1
2017	1	26	11	4	1.388	1
2017	1	26	11	4	1.402	1
2017	1	26	11	4	1.407	1
2017	1	26	11	4	1.419	1
2017	1	26	11	4	1.422	1
2017	1	26	11	4	1.435	1
2017	1	26	11	4	1.452	1
2017	1	26	11	4	1.452	1
2017	1	26	11	4	1.456	1
2017	1	26	11	4	1.469	1
2017	1	26	11	4	1.472	1
2017	1	26	11	4	1.48	1
2017	1	26	11	4	1.489	1
2017	1	26	11	4	1.496	1
2017	1	26	11	4	1.505	1
2017	1	26	11	4	1.513	1
2017	1	26	11	4	1.522	1
2017	1	26	11	4	1.53	1
2017	1	26	11	4	1.539	1
2017	1	26	11	4	1.547	1
2017	1	26	11	4	1.556	1
2017	1	26	11	4	1.564	1
2017	1	26	11	4	1.573	1
2017	1	26	11	4	1.58	1
2017	1	26	11	4	1.588	1
2017	1	26	11	4	1.596	1
2017	1	26	11	4	1.605	1
2017	1	26	11	4	1.62	1
2017	1	26	11	4	1.622	1
2017	1	26	11	4	1.636	1
2017	1	26	11	4	1.639	1
2017	1	26	11	4	1.653	1
2017	1	26	11	4	1.657	1
2017	1	26	11	4	1.67	1
2017	1	26	11	4	1.686	1
2017	1	26	11	4	1.687	1
2017	1	26	11	4	1.689	1
2017	1	26	11	4	1.697	1
2017	1	26	11	4	1.706	1
2017	1	26	11	4	1.72	1
2017	1	26	11	4	1.722	1
2017	1	26	11	4	1.736	1
2017	1	26	11	4	1.739	1
2017	1	26	11	4	1.753	1
2017	1	26	11	4	1.755	1
2017	1	26	11	4	1.769	1
2017	1	26	11	4	1.787	1
2017	1	26	11	4	1.788	1
2017	1	26	11	4	1.803	1
2017	1	26	11	4	1.804	1
2017	1	26	11	4	1.806	1
2017	1	26	11	4	1.814	1
2017	1	26	11	4	1.823	1
2017	1	26	11	4	1.83	1
2017	1	26	11	4	1.838	1
2017	1	26	11	4	1.853	1
2017	1	26	11	4	1.855	1
2017	1	26	11	4	1.87	1
2017	1	26	11	4	1.873	1
2017	1	26	11	4	1.886	1
2017	1	26	11	4	1.889	1
2017	1	26	11	4	1.903	1
2017	1	26	11	4	1.905	1
2017	1	26	11	4	1.92	1
2017	1	26	11	4	1.923	1
2017	1	26	11	4	1.93	1
2017	1	26	11	4	1.938	1
2017	1	26	11	4	1.947	1
2017	1	26	11	4	1.956	1
2017	1	26	11	4	1.964	1
2017	1	26	11	4	1.972	1
2017	1	26	11	4	1.98	1
2017	1	26	11	4	1.988	1
2017	1	26	11	4	1.997	1
2017	1	26	11	4	2.005	1
2017	1	26	11	4	2.013	1
2017	1	26	11	4	2.021	1
2017	1	26	11	4	2.03	1
2017	1	26	11	4	2.04	1
2017	1	26	11	4	2.047	1
2017	1	26	11	4	2.057	1
2017	1	26	11	4	2.063	1
2017	1	26	11	4	2.072	1
2017	1	26	11	4	2.08	1
2017	1	26	11	4	2.089	1
2017	1	26	11	4	2.103	1
2017	1	26	11	4	2.106	1
2017	1	26	11	4	2.119	1
2017	1	26	11	4	2.121	1
2017	1	26	11	4	2.136	1
2017	1	26	11	4	2.138	1
2017	1	26	11	4	2.152	1
2017	1	26	11	4	2.156	1
2017	1	26	11	4	2.164	1
2017	1	26	11	4	2.173	1
2017	1	26	11	4	2.18	1
2017	1	26	11	4	2.189	1
2017	1	26	11	4	2.203	1
2017	1	26	11	4	2.205	1
2017	1	26	11	4	2.22	1
2017	1	26	11	4	2.222	1
2017	1	26	11	4	2.236	1
2017	1	26	11	4	2.238	1
2017	1	26	11	4	2.253	1
2017	1	26	11	4	2.255	1
2017	1	26	11	4	2.269	1
2017	1	26	11	4	2.286	1
2017	1	26	11	4	2.286	1
2017	1	26	11	4	2.288	1
2017	1	26	11	4	2.297	1
2017	1	26	11	4	2.306	1
2017	1	26	11	4	2.319	1
2017	1	26	11	4	2.322	1
2017	1	26	11	4	2.336	1
2017	1	26	11	4	2.338	1
2017	1	26	11	4	2.353	1
2017	1	26	11	4	2.356	1
2017	1	26	11	4	2.369	1
2017	1	26	11	4	2.374	1
2017	1	26	11	4	2.386	1
2017	1	26	11	4	2.389	1
2017	1	26	11	4	2.403	1
2017	1	26	11	4	2.405	1
2017	1	26	11	4	2.413	1
2017	1	26	11	4	2.422	1
2017	1	26	11	4	2.43	1
2017	1	26	11	4	2.438	1
2017	1	26	11	4	2.452	1
2017	1	26	11	4	2.455	1
2017	1	26	11	4	2.47	1
2017	1	26	11	4	2.472	1
2017	1	26	11	4	2.486	1
2017	1	26	11	4	2.489	1
2017	1	26	11	4	2.503	1
2017	1	26	11	4	2.506	1
2017	1	26	11	4	2.519	1
2017	1	26	11	4	2.521	1
2017	1	26	11	4	2.53	1
2017	1	26	11	4	2.538	1
2017	1	26	11	4	2.546	1
2017	1	26	11	4	2.555	1
2017	1	26	11	4	2.569	1
2017	1	26	11	4	2.573	1
2017	1	26	11	4	2.587	1
2017	1	26	11	4	2.589	1
2017	1	26	11	4	2.604	1
2017	1	26	11	4	2.606	1
2017	1	26	11	4	2.62	1
2017	1	26	11	4	2.622	1
2017	1	26	11	4	2.63	1
2017	1	26	11	4	2.64	1
2017	1	26	11	4	2.647	1
2017	1	26	11	4	2.655	1
2017	1	26	11	4	2.663	1
2017	1	26	11	4	2.672	1
2017	1	26	11	4	2.68	1
2017	1	26	11	4	2.689	1
2017	1	26	11	4	2.703	1
2017	1	26	11	4	2.706	1
2017	1	26	11	4	2.72	1
2017	1	26	11	4	2.722	1
2017	1	26	11	4	2.737	1
2017	1	26	11	4	2.74	1
2017	1	26	11	4	2.753	1
2017	1	26	11	4	2.756	1
2017	1	26	11	4	2.764	1
2017	1	26	11	4	2.772	1
2017	1	26	11	4	2.78	1
2017	1	26	11	4	2.788	1
2017	1	26	11	4	2.796	1
2017	1	26	11	4	2.805	1
2017	1	26	11	4	2.82	1
2017	1	26	11	4	2.822	1
2017	1	26	11	4	2.836	1
2017	1	26	11	4	2.838	1
2017	1	26	11	4	2.847	1
2017	1	26	11	4	2.856	1
2017	1	26	11	4	2.863	1
2017	1	26	11	4	2.873	1
2017	1	26	11	4	2.88	1
2017	1	26	11	4	2.888	1
2017	1	26	11	4	2.897	1
2017	1	26	11	4	2.905	1
2017	1	26	11	4	2.913	1
2017	1	26	11	4	2.921	1
2017	1	26	11	4	2.937	1
2017	1	26	11	4	2.939	1
2017	1	26	11	4	2.953	1
2017	1	26	11	4	2.956	1
2017	1	26	11	4	2.969	1
2017	1	26	11	4	2.972	1
2017	1	26	11	4	2.986	1
2017	1	26	11	4	2.989	1
2017	1	26	11	4	2.997	1
2017	1	26	11	4	3.005	1
2017	1	26	11	4	3.013	1
2017	1	26	11	4	3.022	1
2017	1	26	11	4	3.03	1
2017	1	26	11	4	3.038	1
2017	1	26	11	4	3.046	1
2017	1	26	11	4	3.055	1
2017	1	26	11	4	3.07	1
2017	1	26	11	4	3.073	1
2017	1	26	11	4	3.086	1
2017	1	26	11	4	3.089	1
2017	1	26	11	4	3.096	1
2017	1	26	11	4	3.107	1
2017	1	26	11	4	3.113	1
2017	1	26	11	4	3.123	1
2017	1	26	11	4	3.13	1
2017	1	26	11	4	3.138	1
2017	1	26	11	4	3.147	1
2017	1	26	11	4	3.155	1
2017	1	26	11	4	3.164	1
2017	1	26	11	4	3.172	1
2017	1	26	11	4	3.186	1
2017	1	26	11	4	3.189	1
2017	1	26	11	4	3.203	1
2017	1	26	11	4	3.205	1
2017	1	26	11	4	3.219	1
2017	1	26	11	4	3.222	1
2017	1	26	11	4	3.236	1
2017	1	26	11	4	3.239	1
2017	1	26	11	4	3.253	1
2017	1	26	11	4	3.255	1
2017	1	26	11	4	3.263	1
2017	1	26	11	4	3.287	1
2017	1	26	11	4	3.287	1
2017	1	26	11	4	3.29	1
2017	1	26	11	4	3.297	1
2017	1	26	11	4	3.305	1
2017	1	26	11	4	3.319	1
2017	1	26	11	4	3.322	1
2017	1	26	11	4	3.335	1
2017	1	26	11	4	3.338	1
2017	1	26	11	4	3.346	1
2017	1	26	11	4	3.358	1
2017	1	26	11	4	3.363	1
2017	1	26	11	4	3.372	1
2017	1	26	11	4	3.38	1
2017	1	26	11	4	3.388	1
2017	1	26	11	4	3.403	1
2017	1	26	11	4	3.405	1
2017	1	26	11	4	3.42	1
2017	1	26	11	4	3.423	1
2017	1	26	11	4	3.436	1
2017	1	26	11	4	3.439	1
2017	1	26	11	4	3.453	1
2017	1	26	11	4	3.457	1
2017	1	26	11	4	3.469	1
2017	1	26	11	4	3.486	1
2017	1	26	11	4	3.486	1
2017	1	26	11	4	3.488	1
2017	1	26	11	4	3.497	1
2017	1	26	11	4	3.505	1
2017	1	26	11	4	3.513	1
2017	1	26	11	4	3.522	1
2017	1	26	11	4	3.536	1
2017	1	26	11	4	3.539	1
2017	1	26	11	4	3.553	1
2017	1	26	11	4	3.555	1
2017	1	26	11	4	3.563	1
2017	1	26	11	4	3.572	1
2017	1	26	11	4	3.58	1
2017	1	26	11	4	3.589	1
2017	1	26	11	4	3.597	1
2017	1	26	11	4	3.605	1
2017	1	26	11	4	3.62	1
2017	1	26	11	4	3.623	1
2017	1	26	11	4	3.636	1
2017	1	26	11	4	3.639	1
2017	1	26	11	4	3.653	1
2017	1	26	11	4	3.655	1
2017	1	26	11	4	3.669	1
2017	1	26	11	4	3.672	1
2017	1	26	11	4	3.686	1
2017	1	26	11	4	3.689	1
2017	1	26	11	4	3.703	1
2017	1	26	11	4	3.707	1
2017	1	26	11	4	3.714	1
2017	1	26	11	4	3.722	1
2017	1	26	11	4	3.73	1
2017	1	26	11	4	3.738	1
2017	1	26	11	4	3.747	1
2017	1	26	11	4	3.755	1
2017	1	26	11	4	3.763	1
2017	1	26	11	4	3.772	1
2017	1	26	11	4	3.78	1
2017	1	26	11	4	3.789	1
2017	1	26	11	4	3.796	1
2017	1	26	11	4	3.805	1
2017	1	26	11	4	3.813	1
2017	1	26	11	4	3.821	1
2017	1	26	11	4	3.83	1
2017	1	26	11	4	3.838	1
2017	1	26	11	4	3.853	1
2017	1	26	11	4	3.856	1
2017	1	26	11	4	3.87	1
2017	1	26	11	4	3.872	1
2017	1	26	11	4	3.886	1
2017	1	26	11	4	3.89	1
2017	1	26	11	4	3.902	1
2017	1	26	11	4	3.905	1
2017	1	26	11	4	3.92	1
2017	1	26	11	4	3.923	1
2017	1	26	11	4	3.936	1
2017	1	26	11	4	3.938	1
2017	1	26	11	4	3.947	1
2017	1	26	11	4	3.955	1
2017	1	26	11	4	3.963	1
2017	1	26	11	4	3.972	1
2017	1	26	11	4	3.98	1
2017	1	26	11	4	3.988	1
2017	1	26	11	4	3.996	1
2017	1	26	11	4	4.005	1
2017	1	26	11	4	4.013	1
2017	1	26	11	4	4.022	1
2017	1	26	11	4	4.03	1
2017	1	26	11	4	4.039	1
2017	1	26	11	4	4.047	1
2017	1	26	11	4	4.055	1
2017	1	26	11	4	4.063	1
2017	1	26	11	4	4.072	1
2017	1	26	11	4	4.08	1
2017	1	26	11	4	4.088	1
2017	1	26	11	4	4.103	1
2017	1	26	11	4	4.106	1
2017	1	26	11	4	4.12	1
2017	1	26	11	4	4.122	1
2017	1	26	11	4	4.136	1
2017	1	26	11	4	4.138	1
2017	1	26	11	4	4.153	1
2017	1	26	11	4	4.155	1
2017	1	26	11	4	4.17	1
2017	1	26	11	4	4.173	1
2017	1	26	11	4	4.18	1
2017	1	26	11	4	4.188	1
2017	1	26	11	4	4.197	1
2017	1	26	11	4	4.205	1
2017	1	26	11	4	4.214	1
2017	1	26	11	4	4.222	1
2017	1	26	11	4	4.23	1
2017	1	26	11	4	4.238	1
2017	1	26	11	4	4.246	1
2017	1	26	11	4	4.255	1
2017	1	26	11	4	4.264	1
2017	1	26	11	4	4.273	1
2017	1	26	11	4	4.28	1
2017	1	26	11	4	4.289	1
2017	1	26	11	4	4.297	1
2017	1	26	11	4	4.306	1
2017	1	26	11	4	4.313	1
2017	1	26	11	4	4.321	1
2017	1	26	11	4	4.33	1
2017	1	26	11	4	4.339	1
2017	1	26	11	4	4.353	1
2017	1	26	11	4	4.355	1
2017	1	26	11	4	4.369	1
2017	1	26	11	4	4.371	1
2017	1	26	11	4	4.386	1
2017	1	26	11	4	4.389	1
2017	1	26	11	4	4.402	1
2017	1	26	11	4	4.405	1
2017	1	26	11	4	4.413	1
2017	1	26	11	4	4.421	1
2017	1	26	11	4	4.43	1
2017	1	26	11	4	4.438	1
2017	1	26	11	4	4.446	1
2017	1	26	11	4	4.455	1
2017	1	26	11	4	4.468	1
2017	1	26	11	4	4.472	1
2017	1	26	11	4	4.485	1
2017	1	26	11	4	4.488	1
2017	1	26	11	4	4.502	1
2017	1	26	11	4	4.505	1
2017	1	26	11	4	4.519	1
2017	1	26	11	4	4.536	1
2017	1	26	11	4	4.536	1
2017	1	26	11	4	4.552	1
2017	1	26	11	4	4.552	1
2017	1	26	11	4	4.556	1
2017	1	26	11	4	4.563	1
2017	1	26	11	4	4.572	1
2017	1	26	11	4	4.585	1
2017	1	26	11	4	4.588	1
2017	1	26	11	4	4.602	1
2017	1	26	11	4	4.605	1
2017	1	26	11	4	4.618	1
2017	1	26	11	4	4.622	1
2017	1	26	11	4	4.635	1
2017	1	26	11	4	4.638	1
2017	1	26	11	4	4.652	1
2017	1	26	11	4	4.669	1
2017	1	26	11	4	4.669	1
2017	1	26	11	4	4.672	1
2017	1	26	11	4	4.68	1
2017	1	26	11	4	4.689	1
2017	1	26	11	4	4.697	1
2017	1	26	11	4	4.705	1
2017	1	26	11	4	4.714	1
2017	1	26	11	4	4.722	1
2017	1	26	11	4	4.73	1
2017	1	26	11	4	4.739	1
2017	1	26	11	4	4.747	1
2017	1	26	11	4	4.756	1
2017	1	26	11	4	4.763	1
2017	1	26	11	4	4.772	1
2017	1	26	11	4	4.78	1
2017	1	26	11	4	4.788	1
2017	1	26	11	4	4.796	1
2017	1	26	11	4	4.806	1
2017	1	26	11	4	4.813	1
2017	1	26	11	4	4.822	1
2017	1	26	11	4	4.836	1
2017	1	26	11	4	4.839	1
2017	1	26	11	4	4.853	1
2017	1	26	11	4	4.856	1
2017	1	26	11	4	4.869	1
2017	1	26	11	4	4.872	1
2017	1	26	11	4	4.886	1
2017	1	26	11	4	4.889	1
2017	1	26	11	4	4.903	1
2017	1	26	11	4	4.905	1
2017	1	26	11	4	4.92	1
2017	1	26	11	4	4.922	1
2017	1	26	11	4	4.93	1
2017	1	26	11	4	4.938	1
2017	1	26	11	4	4.947	1
2017	1	26	11	4	4.955	1
2017	1	26	11	4	4.964	1
2017	1	26	11	4	4.971	1
2017	1	26	11	4	4.98	1
2017	1	26	11	4	4.988	1
2017	1	26	11	4	4.997	1
2017	1	26	11	4	5.007	1
2017	1	26	11	4	5.014	1
2017	1	26	11	4	5.023	1
2017	1	26	11	4	5.03	1
2017	1	26	11	4	5.039	1
2017	1	26	11	4	5.047	1
2017	1	26	11	4	5.055	1
2017	1	26	11	4	5.063	1
2017	1	26	11	4	5.073	1
2017	1	26	11	4	5.086	1
2017	1	26	11	4	5.089	1
2017	1	26	11	4	5.103	1
2017	1	26	11	4	5.105	1
2017	1	26	11	4	5.119	1
2017	1	26	11	4	5.122	1
2017	1	26	11	4	5.136	1
2017	1	26	11	4	5.139	1
2017	1	26	11	4	5.153	1
2017	1	26	11	4	5.155	1
2017	1	26	11	4	5.169	1
2017	1	26	11	4	5.171	1
2017	1	26	11	4	5.18	1
2017	1	26	11	4	5.188	1
2017	1	26	11	4	5.197	1
2017	1	26	11	4	5.205	1
2017	1	26	11	4	5.213	1
2017	1	26	11	4	5.222	1
2017	1	26	11	4	5.23	1
2017	1	26	11	4	5.239	1
2017	1	26	11	4	5.247	1
2017	1	26	11	4	5.255	1
2017	1	26	11	4	5.263	1
2017	1	26	11	4	5.272	1
2017	1	26	11	4	5.28	1
2017	1	26	11	4	5.288	1
2017	1	26	11	4	5.297	1
2017	1	26	11	4	5.307	1
2017	1	26	11	4	5.32	1
2017	1	26	11	4	5.322	1
2017	1	26	11	4	5.336	1
2017	1	26	11	4	5.339	1
2017	1	26	11	4	5.352	1
2017	1	26	11	4	5.355	1
2017	1	26	11	4	5.37	1
2017	1	26	11	4	5.372	1
2017	1	26	11	4	5.386	1
2017	1	26	11	4	5.389	1
2017	1	26	11	4	5.397	1
2017	1	26	11	4	5.406	1
2017	1	26	11	4	5.414	1
2017	1	26	11	4	5.422	1
2017	1	26	11	4	5.436	1
2017	1	26	11	4	5.439	1
2017	1	26	11	4	5.453	1
2017	1	26	11	4	5.457	1
2017	1	26	11	4	5.47	1
2017	1	26	11	4	5.472	1
2017	1	26	11	4	5.486	1
2017	1	26	11	4	5.503	1
2017	1	26	11	4	5.503	1
2017	1	26	11	4	5.506	1
2017	1	26	11	4	5.514	1
2017	1	26	11	4	5.522	1
2017	1	26	11	4	5.53	1
2017	1	26	11	4	5.539	1
2017	1	26	11	4	5.547	1
2017	1	26	11	4	5.555	1
2017	1	26	11	4	5.57	1
2017	1	26	11	4	5.572	1
2017	1	26	11	4	5.586	1
2017	1	26	11	4	5.59	1
2017	1	26	11	4	5.603	1
2017	1	26	11	4	5.606	1
2017	1	26	11	4	5.619	1
2017	1	26	11	4	5.621	1
2017	1	26	11	4	5.63	1
2017	1	26	11	4	5.64	1
2017	1	26	11	4	5.646	1
2017	1	26	11	4	5.655	1
2017	1	26	11	4	5.663	1
2017	1	26	11	4	5.672	1
2017	1	26	11	4	5.681	1
2017	1	26	11	4	5.688	1
2017	1	26	11	4	5.697	1
2017	1	26	11	4	5.706	1
2017	1	26	11	4	5.719	1
2017	1	26	11	4	5.722	1
2017	1	26	11	4	5.736	1
2017	1	26	11	4	5.739	1
2017	1	26	11	4	5.753	1
2017	1	26	11	4	5.755	1
2017	1	26	11	4	5.769	1
2017	1	26	11	4	5.772	1
2017	1	26	11	4	5.786	1
2017	1	26	11	4	5.788	1
2017	1	26	11	4	5.796	1
2017	1	26	11	4	5.819	1
2017	1	26	11	4	5.82	1
2017	1	26	11	4	5.823	1
2017	1	26	11	4	5.835	1
2017	1	26	11	4	5.838	1
2017	1	26	11	4	5.852	1
2017	1	26	11	4	5.855	1
2017	1	26	11	4	5.869	1
2017	1	26	11	4	5.873	1
2017	1	26	11	4	5.885	1
2017	1	26	11	4	5.888	1
2017	1	26	11	4	5.902	1
2017	1	26	11	4	5.907	1
2017	1	26	11	4	5.919	1
2017	1	26	11	4	5.922	1
2017	1	26	11	4	5.935	1
2017	1	26	11	4	5.939	1
2017	1	26	11	4	5.947	1
2017	1	26	11	4	5.955	1
2017	1	26	11	4	5.969	1
2017	1	26	11	4	5.972	1
2017	1	26	11	4	5.985	1
2017	1	26	11	4	5.988	1
2017	1	26	11	4	6.002	1
2017	1	26	11	4	6.005	1
2017	1	26	11	4	6.019	1
2017	1	26	11	4	6.022	1
2017	1	26	11	4	6.035	1
2017	1	26	11	4	6.052	1
2017	1	26	11	4	6.052	1
2017	1	26	11	4	6.069	1
2017	1	26	11	4	6.069	1
2017	1	26	11	4	6.072	1
2017	1	26	11	4	6.08	1
2017	1	26	11	4	6.088	1
2017	1	26	11	4	6.102	1
2017	1	26	11	4	6.105	1
2017	1	26	11	4	6.118	1
2017	1	26	11	4	6.121	1
2017	1	26	11	4	6.135	1
2017	1	26	11	4	6.139	1
2017	1	26	11	4	6.152	1
2017	1	26	11	4	6.155	1
2017	1	26	11	4	6.169	1
2017	1	26	11	4	6.185	1
2017	1	26	11	4	6.185	1
2017	1	26	11	4	6.188	1
2017	1	26	11	4	6.196	1
2017	1	26	11	4	6.205	1
2017	1	26	11	4	6.214	1
2017	1	26	11	4	6.221	1
2017	1	26	11	4	6.231	1
2017	1	26	11	4	6.238	1
2017	1	26	11	4	6.247	1
2017	1	26	11	4	6.255	1
2017	1	26	11	4	6.263	1
2017	1	26	11	4	6.271	1
2017	1	26	11	4	6.28	1
2017	1	26	11	4	6.288	1
2017	1	26	11	4	6.296	1
2017	1	26	11	4	6.306	1
2017	1	26	11	4	6.314	1
2017	1	26	11	4	6.324	1
2017	1	26	11	4	6.33	1
2017	1	26	11	4	6.338	1
2017	1	26	11	4	6.347	1
2017	1	26	11	4	6.356	1
2017	1	26	11	4	6.369	1
2017	1	26	11	4	6.372	1
2017	1	26	11	4	6.386	1
2017	1	26	11	4	6.393	1
2017	1	26	11	4	6.403	1
2017	1	26	11	4	6.405	1
2017	1	26	11	4	6.419	1
2017	1	26	11	4	6.423	1
2017	1	26	11	4	6.436	1
2017	1	26	11	4	6.453	1
2017	1	26	11	4	6.453	1
2017	1	26	11	4	6.456	1
2017	1	26	11	4	6.463	1
2017	1	26	11	4	6.471	1
2017	1	26	11	4	6.48	1
2017	1	26	11	4	6.488	1
2017	1	26	11	4	6.497	1
2017	1	26	11	4	6.505	1
2017	1	26	11	4	6.513	1
2017	1	26	11	4	6.521	1
2017	1	26	11	4	6.53	1
2017	1	26	11	4	6.538	1
2017	1	26	11	4	6.552	1
2017	1	26	11	4	6.555	1
2017	1	26	11	4	6.569	1
2017	1	26	11	4	6.572	1
2017	1	26	11	4	6.586	1
2017	1	26	11	4	6.589	1
2017	1	26	11	4	6.596	1
2017	1	26	11	4	6.605	1
2017	1	26	11	4	6.613	1
2017	1	26	11	4	6.621	1
2017	1	26	11	4	6.63	1
2017	1	26	11	4	6.638	1
2017	1	26	11	4	6.647	1
2017	1	26	11	4	6.655	1
2017	1	26	11	4	6.669	1
2017	1	26	11	4	6.672	1
2017	1	26	11	4	6.686	1
2017	1	26	11	4	6.691	1
2017	1	26	11	4	6.703	1
2017	1	26	11	4	6.707	1
2017	1	26	11	4	6.719	1
2017	1	26	11	4	6.721	1
2017	1	26	11	4	6.729	1
2017	1	26	11	4	6.739	1
2017	1	26	11	4	6.747	1
2017	1	26	11	4	6.755	1
2017	1	26	11	4	6.769	1
2017	1	26	11	4	6.772	1
2017	1	26	11	4	6.78	1
2017	1	26	11	4	6.788	1
2017	1	26	11	4	6.796	1
2017	1	26	11	4	6.805	1
2017	1	26	11	4	6.813	1
2017	1	26	11	4	6.822	1
2017	1	26	11	4	6.83	1
2017	1	26	11	4	6.84	1
2017	1	26	11	4	6.847	1
2017	1	26	11	4	6.857	1
2017	1	26	11	4	6.863	1
2017	1	26	11	4	6.886	1
2017	1	26	11	4	6.887	1
2017	1	26	11	4	6.889	1
2017	1	26	11	4	6.896	1
2017	1	26	11	4	6.905	1
2017	1	26	11	4	6.919	1
2017	1	26	11	4	6.922	1
2017	1	26	11	4	6.935	1
2017	1	26	11	4	6.938	1
2017	1	26	11	4	6.952	1
2017	1	26	11	4	6.955	1
2017	1	26	11	4	6.969	1
2017	1	26	11	4	6.972	1
2017	1	26	11	4	6.985	1
2017	1	26	11	4	7.002	1
2017	1	26	11	4	7.002	1
2017	1	26	11	4	7.019	1
2017	1	26	11	4	7.019	1
2017	1	26	11	4	7.022	1
2017	1	26	11	4	7.03	1
2017	1	26	11	4	7.038	1
2017	1	26	11	4	7.047	1
2017	1	26	11	4	7.055	1
2017	1	26	11	4	7.068	1
2017	1	26	11	4	7.072	1
2017	1	26	11	4	7.085	1
2017	1	26	11	4	7.088	1
2017	1	26	11	4	7.102	1
2017	1	26	11	4	7.106	1
2017	1	26	11	4	7.113	1
2017	1	26	11	4	7.123	1
2017	1	26	11	4	7.13	1
2017	1	26	11	4	7.138	1
2017	1	26	11	4	7.146	1
2017	1	26	11	4	7.169	1
2017	1	26	11	4	7.169	1
2017	1	26	11	4	7.171	1
2017	1	26	11	4	7.18	1
2017	1	26	11	4	7.188	1
2017	1	26	11	4	7.202	1
2017	1	26	11	4	7.205	1
2017	1	26	11	4	7.219	1
2017	1	26	11	4	7.222	1
2017	1	26	11	4	7.235	1
2017	1	26	11	4	7.238	1
2017	1	26	11	4	7.252	1
2017	1	26	11	4	7.255	1
2017	1	26	11	4	7.269	1
2017	1	26	11	4	7.285	1
2017	1	26	11	4	7.286	1
2017	1	26	11	4	7.288	1
2017	1	26	11	4	7.297	1
2017	1	26	11	4	7.305	1
2017	1	26	11	4	7.313	1
2017	1	26	11	4	7.321	1
2017	1	26	11	4	7.335	1
2017	1	26	11	4	7.339	1
2017	1	26	11	4	7.352	1
2017	1	26	11	4	7.355	1
2017	1	26	11	4	7.368	1
2017	1	26	11	4	7.371	1
2017	1	26	11	4	7.385	1
2017	1	26	11	4	7.388	1
2017	1	26	11	4	7.402	1
2017	1	26	11	4	7.419	1
2017	1	26	11	4	7.419	1
2017	1	26	11	4	7.435	1
2017	1	26	11	4	7.435	1
2017	1	26	11	4	7.438	1
2017	1	26	11	4	7.446	1
2017	1	26	11	4	7.456	1
2017	1	26	11	4	7.469	1
2017	1	26	11	4	7.472	1
2017	1	26	11	4	7.486	1
2017	1	26	11	4	7.488	1
2017	1	26	11	4	7.503	1
2017	1	26	11	4	7.505	1
2017	1	26	11	4	7.519	1
2017	1	26	11	4	7.524	1
2017	1	26	11	4	7.536	1
2017	1	26	11	4	7.553	1
2017	1	26	11	4	7.553	1
2017	1	26	11	4	7.555	1
2017	1	26	11	4	7.563	1
2017	1	26	11	4	7.571	1
2017	1	26	11	4	7.58	1
2017	1	26	11	4	7.588	1
2017	1	26	11	4	7.603	1
2017	1	26	11	4	7.606	1
2017	1	26	11	4	7.62	1
2017	1	26	11	4	7.622	1
2017	1	26	11	4	7.636	1
2017	1	26	11	4	7.638	1
2017	1	26	11	4	7.653	1
2017	1	26	11	4	7.656	1
2017	1	26	11	4	7.67	1
2017	1	26	11	4	7.673	1
2017	1	26	11	4	7.686	1
2017	1	26	11	4	7.689	1
2017	1	26	11	4	7.697	1
2017	1	26	11	4	7.705	1
2017	1	26	11	4	7.714	1
2017	1	26	11	4	7.722	1
2017	1	26	11	4	7.732	1
2017	1	26	11	4	7.739	1
2017	1	26	11	4	7.747	1
2017	1	26	11	4	7.755	1
2017	1	26	11	4	7.763	1
2017	1	26	11	4	7.772	1
2017	1	26	11	4	7.78	1
2017	1	26	11	4	7.79	1
2017	1	26	11	4	7.797	1
2017	1	26	11	4	7.807	1
2017	1	26	11	4	7.813	1
2017	1	26	11	4	7.822	1
2017	1	26	11	4	7.83	1
2017	1	26	11	4	7.838	1
2017	1	26	11	4	7.853	1
2017	1	26	11	4	7.855	1
2017	1	26	11	4	7.87	1
2017	1	26	11	4	7.873	1
2017	1	26	11	4	7.886	1
2017	1	26	11	4	7.889	1
2017	1	26	11	4	7.903	1
2017	1	26	11	4	7.906	1
2017	1	26	11	4	7.919	1
2017	1	26	11	4	7.936	1
2017	1	26	11	4	7.936	1
2017	1	26	11	4	7.939	1
2017	1	26	11	4	7.947	1
2017	1	26	11	4	7.955	1
2017	1	26	11	4	7.963	1
2017	1	26	11	4	7.972	1
2017	1	26	11	4	7.98	1
2017	1	26	11	4	7.99	1
2017	1	26	11	4	7.996	1
2017	1	26	11	4	8.005	1
2017	1	26	11	4	8.013	1
2017	1	26	11	4	8.022	1
2017	1	26	11	4	8.03	1
2017	1	26	11	4	8.039	1
2017	1	26	11	4	8.053	1
2017	1	26	11	4	8.056	1
2017	1	26	11	4	8.069	1
2017	1	26	11	4	8.072	1
2017	1	26	11	4	8.086	1
2017	1	26	11	4	8.088	1
2017	1	26	11	4	8.096	1
2017	1	26	11	4	8.105	1
2017	1	26	11	4	8.113	1
2017	1	26	11	4	8.122	1
2017	1	26	11	4	8.13	1
2017	1	26	11	4	8.139	1
2017	1	26	11	4	8.147	1
2017	1	26	11	4	8.155	1
2017	1	26	11	4	8.163	1
2017	1	26	11	4	8.172	1
2017	1	26	11	4	8.186	1
2017	1	26	11	4	8.189	1
2017	1	26	11	4	8.202	1
2017	1	26	11	4	8.205	1
2017	1	26	11	4	8.22	1
2017	1	26	11	4	8.224	1
2017	1	26	11	4	8.236	1
2017	1	26	11	4	8.253	1
2017	1	26	11	4	8.253	1
2017	1	26	11	4	8.255	1
2017	1	26	11	4	8.263	1
2017	1	26	11	4	8.272	1
2017	1	26	11	4	8.28	1
2017	1	26	11	4	8.289	1
2017	1	26	11	4	8.297	1
2017	1	26	11	4	8.306	1
2017	1	26	11	4	8.321	1
2017	1	26	11	4	8.323	1
2017	1	26	11	4	8.336	1
2017	1	26	11	4	8.338	1
2017	1	26	11	4	8.353	1
2017	1	26	11	4	8.355	1
2017	1	26	11	4	8.364	1
2017	1	26	11	4	8.373	1
2017	1	26	11	4	8.38	1
2017	1	26	11	4	8.39	1
2017	1	26	11	4	8.397	1
2017	1	26	11	4	8.405	1
2017	1	26	11	4	8.413	1
2017	1	26	11	4	8.422	1
2017	1	26	11	4	8.43	1
2017	1	26	11	4	8.438	1
2017	1	26	11	4	8.453	1
2017	1	26	11	4	8.455	1
2017	1	26	11	4	8.469	1
2017	1	26	11	4	8.472	1
2017	1	26	11	4	8.486	1
2017	1	26	11	4	8.488	1
2017	1	26	11	4	8.503	1
2017	1	26	11	4	8.505	1
2017	1	26	11	4	8.52	1
2017	1	26	11	4	8.536	1
2017	1	26	11	4	8.536	1
2017	1	26	11	4	8.538	1
2017	1	26	11	4	8.547	1
2017	1	26	11	4	8.555	1
2017	1	26	11	4	8.563	1
2017	1	26	11	4	8.572	1
2017	1	26	11	4	8.586	1
2017	1	26	11	4	8.589	1
2017	1	26	11	4	8.602	1
2017	1	26	11	4	8.605	1
2017	1	26	11	4	8.619	1
2017	1	26	11	4	8.621	1
2017	1	26	11	4	8.636	1
2017	1	26	11	4	8.638	1
2017	1	26	11	4	8.653	1
2017	1	26	11	4	8.655	1
2017	1	26	11	4	8.669	1
2017	1	26	11	4	8.672	1
2017	1	26	11	4	8.686	1
2017	1	26	11	4	8.688	1
2017	1	26	11	4	8.696	1
2017	1	26	11	4	8.705	1
2017	1	26	11	4	8.713	1
2017	1	26	11	4	8.721	1
2017	1	26	11	4	8.731	1
2017	1	26	11	4	8.738	1
2017	1	26	11	4	8.748	1
2017	1	26	11	4	8.755	1
2017	1	26	11	4	8.763	1
2017	1	26	11	4	8.771	1
2017	1	26	11	4	8.78	1
2017	1	26	11	4	8.788	1
2017	1	26	11	4	8.796	1
2017	1	26	11	4	8.806	1
2017	1	26	11	4	8.813	1
2017	1	26	11	4	8.823	1
2017	1	26	11	4	8.83	1
2017	1	26	11	4	8.838	1
2017	1	26	11	4	8.846	1
2017	1	26	11	4	8.855	1
2017	1	26	11	4	8.869	1
2017	1	26	11	4	8.871	1
2017	1	26	11	4	8.886	1
2017	1	26	11	4	8.889	1
2017	1	26	11	4	8.904	1
2017	1	26	11	4	8.906	1
2017	1	26	11	4	8.92	1
2017	1	26	11	4	8.924	1
2017	1	26	11	4	8.936	1
2017	1	26	11	4	8.938	1
2017	1	26	11	4	8.953	1
2017	1	26	11	4	8.955	1
2017	1	26	11	4	8.963	1
2017	1	26	11	4	8.972	1
2017	1	26	11	4	8.98	1
2017	1	26	11	4	8.988	1
2017	1	26	11	4	8.997	1
2017	1	26	11	4	9.006	1
2017	1	26	11	4	9.013	1
2017	1	26	11	4	9.022	1
2017	1	26	11	4	9.03	1
2017	1	26	11	4	9.038	1
2017	1	26	11	4	9.047	1
2017	1	26	11	4	9.055	1
2017	1	26	11	4	9.063	1
2017	1	26	11	4	9.073	1
2017	1	26	11	4	9.08	1
2017	1	26	11	4	9.089	1
2017	1	26	11	4	9.096	1
2017	1	26	11	4	9.105	1
2017	1	26	11	4	9.113	1
2017	1	26	11	4	9.123	1
2017	1	26	11	4	9.13	1
2017	1	26	11	4	9.138	1
2017	1	26	11	4	9.152	1
2017	1	26	11	4	9.155	1
2017	1	26	11	4	9.17	1
2017	1	26	11	4	9.173	1
2017	1	26	11	4	9.186	1
2017	1	26	11	4	9.189	1
2017	1	26	11	4	9.202	1
2017	1	26	11	4	9.205	1
2017	1	26	11	4	9.219	1
2017	1	26	11	4	9.223	1
2017	1	26	11	4	9.23	1
2017	1	26	11	4	9.238	1
2017	1	26	11	4	9.246	1
2017	1	26	11	4	9.255	1
2017	1	26	11	4	9.263	1
2017	1	26	11	4	9.272	1
2017	1	26	11	4	9.286	1
2017	1	26	11	4	9.288	1
2017	1	26	11	4	9.303	1
2017	1	26	11	4	9.306	1
2017	1	26	11	4	9.313	1
2017	1	26	11	4	9.321	1
2017	1	26	11	4	9.33	1
2017	1	26	11	4	9.339	1
2017	1	26	11	4	9.346	1
2017	1	26	11	4	9.355	1
2017	1	26	11	4	9.363	1
2017	1	26	11	4	9.371	1
2017	1	26	11	4	9.38	1
2017	1	26	11	4	9.388	1
2017	1	26	11	4	9.396	1
2017	1	26	11	4	9.405	1
2017	1	26	11	4	9.42	1
2017	1	26	11	4	9.422	1
2017	1	26	11	4	9.436	1
2017	1	26	11	4	9.439	1
2017	1	26	11	4	9.452	1
2017	1	26	11	4	9.454	1
2017	1	26	11	4	9.469	1
2017	1	26	11	4	9.471	1
2017	1	26	11	4	9.486	1
2017	1	26	11	4	9.488	1
2017	1	26	11	4	9.496	1
2017	1	26	11	4	9.506	1
2017	1	26	11	4	9.513	1
2017	1	26	11	4	9.521	1
2017	1	26	11	4	9.53	1
2017	1	26	11	4	9.538	1
2017	1	26	11	4	9.553	1
2017	1	26	11	4	9.555	1
2017	1	26	11	4	9.57	1
2017	1	26	11	4	9.573	1
2017	1	26	11	4	9.587	1
2017	1	26	11	4	9.59	1
2017	1	26	11	4	9.597	1
2017	1	26	11	4	9.605	1
2017	1	26	11	4	9.613	1
2017	1	26	11	4	9.622	1
2017	1	26	11	4	9.63	1
2017	1	26	11	4	9.638	1
2017	1	26	11	4	9.647	1
2017	1	26	11	4	9.657	1
2017	1	26	11	4	9.663	1
2017	1	26	11	4	9.672	1
2017	1	26	11	4	9.686	1
2017	1	26	11	4	9.689	1
2017	1	26	11	4	9.703	1
2017	1	26	11	4	9.706	1
2017	1	26	11	4	9.72	1
2017	1	26	11	4	9.722	1
2017	1	26	11	4	9.736	1
2017	1	26	11	4	9.739	1
2017	1	26	11	4	9.753	1
2017	1	26	11	4	9.756	1
2017	1	26	11	4	9.763	1
2017	1	26	11	4	9.772	1
2017	1	26	11	4	9.78	1
2017	1	26	11	4	9.788	1
2017	1	26	11	4	9.796	1
2017	1	26	11	4	9.805	1
2017	1	26	11	4	9.819	1
2017	1	26	11	4	9.822	1
2017	1	26	11	4	9.836	1
2017	1	26	11	4	9.839	1
2017	1	26	11	4	9.853	1
2017	1	26	11	4	9.856	1
2017	1	26	11	4	9.87	1
2017	1	26	11	4	9.872	1
2017	1	26	11	4	9.88	1
2017	1	26	11	4	9.891	1
2017	1	26	11	4	9.896	1
2017	1	26	11	4	9.907	1
2017	1	26	11	4	9.913	1
2017	1	26	11	4	9.922	1
2017	1	26	11	4	9.93	1
2017	1	26	11	4	9.938	1
2017	1	26	11	4	9.953	1
2017	1	26	11	4	9.956	1
2017	1	26	11	4	9.963	1
2017	1	26	11	4	9.971	1
2017	1	26	11	4	9.981	1
2017	1	26	11	4	9.988	1
2017	1	26	11	4	9.998	1
2017	1	26	11	4	10.005	1
2017	1	26	11	4	10.014	1
2017	1	26	11	4	10.021	1
2017	1	26	11	4	10.03	1
2017	1	26	11	4	10.038	1
2017	1	26	11	4	10.047	1
2017	1	26	11	4	10.056	1
2017	1	26	11	4	10.063	1
2017	1	26	11	4	10.072	1
2017	1	26	11	4	10.08	1
2017	1	26	11	4	10.088	1
2017	1	26	11	4	10.097	1
2017	1	26	11	4	10.105	1
2017	1	26	11	4	10.119	1
2017	1	26	11	4	10.122	1
2017	1	26	11	4	10.136	1
2017	1	26	11	4	10.138	1
2017	1	26	11	4	10.153	1
2017	1	26	11	4	10.155	1
2017	1	26	11	4	10.169	1
2017	1	26	11	4	10.171	1
2017	1	26	11	4	10.186	1
2017	1	26	11	4	10.189	1
2017	1	26	11	4	10.196	1
2017	1	26	11	4	10.204	1
2017	1	26	11	4	10.213	1
2017	1	26	11	4	10.221	1
2017	1	26	11	4	10.235	1
2017	1	26	11	4	10.238	1
2017	1	26	11	4	10.251	1
2017	1	26	11	4	10.254	1
2017	1	26	11	4	10.269	1
2017	1	26	11	4	10.272	1
2017	1	26	11	4	10.285	1
2017	1	26	11	4	10.288	1
2017	1	26	11	4	10.302	1
2017	1	26	11	4	10.318	1
2017	1	26	11	4	10.319	1
2017	1	26	11	4	10.322	1
2017	1	26	11	4	10.33	1
2017	1	26	11	4	10.338	1
2017	1	26	11	4	10.352	1
2017	1	26	11	4	10.355	1
2017	1	26	11	4	10.369	1
2017	1	26	11	4	10.371	1
2017	1	26	11	4	10.385	1
2017	1	26	11	4	10.389	1
2017	1	26	11	4	10.402	1
2017	1	26	11	4	10.418	1
2017	1	26	11	4	10.419	1
2017	1	26	11	4	10.435	1
2017	1	26	11	4	10.436	1
2017	1	26	11	4	10.439	1
2017	1	26	11	4	10.447	1
2017	1	26	11	4	10.455	1
2017	1	26	11	4	10.468	1
2017	1	26	11	4	10.471	1
2017	1	26	11	4	10.485	1
2017	1	26	11	4	10.488	1
2017	1	26	11	4	10.502	1
2017	1	26	11	4	10.505	1
2017	1	26	11	4	10.518	1
2017	1	26	11	4	10.521	1
2017	1	26	11	4	10.535	1
2017	1	26	11	4	10.552	1
2017	1	26	11	4	10.552	1
2017	1	26	11	4	10.568	1
2017	1	26	11	4	10.568	1
2017	1	26	11	4	10.571	1
2017	1	26	11	4	10.585	1
2017	1	26	11	4	10.588	1
2017	1	26	11	4	10.602	1
2017	1	26	11	4	10.605	1
2017	1	26	11	4	10.618	1
2017	1	26	11	4	10.622	1
2017	1	26	11	4	10.635	1
2017	1	26	11	4	10.638	1
2017	1	26	11	4	10.652	1
2017	1	26	11	4	10.655	1
2017	1	26	11	4	10.668	1
2017	1	26	11	4	10.685	1
2017	1	26	11	4	10.685	1
2017	1	26	11	4	10.688	1
2017	1	26	11	4	10.696	1
2017	1	26	11	4	10.705	1
2017	1	26	11	4	10.714	1
2017	1	26	11	4	10.722	1
2017	1	26	11	4	10.73	1
2017	1	26	11	4	10.738	1
2017	1	26	11	4	10.748	1
2017	1	26	11	4	10.755	1
2017	1	26	11	4	10.763	1
2017	1	26	11	4	10.772	1
2017	1	26	11	4	10.78	1
2017	1	26	11	4	10.789	1
2017	1	26	11	4	10.796	1
2017	1	26	11	4	10.805	1
2017	1	26	11	4	10.813	1
2017	1	26	11	4	10.821	1
2017	1	26	11	4	10.836	1
2017	1	26	11	4	10.838	1
2017	1	26	11	4	10.853	1
2017	1	26	11	4	10.855	1
2017	1	26	11	4	10.87	1
2017	1	26	11	4	10.874	1
2017	1	26	11	4	10.886	1
2017	1	26	11	4	10.888	1
2017	1	26	11	4	10.903	1
2017	1	26	11	4	10.919	1
2017	1	26	11	4	10.919	1
2017	1	26	11	4	10.923	1
2017	1	26	11	4	10.93	1
2017	1	26	11	4	10.938	1
2017	1	26	11	4	10.946	1
2017	1	26	11	4	10.955	1
2017	1	26	11	4	10.969	1
2017	1	26	11	4	10.972	1
2017	1	26	11	4	10.986	1
2017	1	26	11	4	10.989	1
2017	1	26	11	4	11.002	1
2017	1	26	11	4	11.005	1
2017	1	26	11	4	11.019	1
2017	1	26	11	4	11.036	1
2017	1	26	11	4	11.036	1
2017	1	26	11	4	11.04	1
2017	1	26	11	4	11.046	1
2017	1	26	11	4	11.054	1
2017	1	26	11	4	11.063	1
2017	1	26	11	4	11.071	1
2017	1	26	11	4	11.086	1
2017	1	26	11	4	11.089	1
2017	1	26	11	4	11.102	1
2017	1	26	11	4	11.105	1
2017	1	26	11	4	11.119	1
2017	1	26	11	4	11.123	1
2017	1	26	11	4	11.136	1
2017	1	26	11	4	11.138	1
2017	1	26	11	4	11.153	1
2017	1	26	11	4	11.155	1
2017	1	26	11	4	11.17	1
2017	1	26	11	4	11.172	1
2017	1	26	11	4	11.179	1
2017	1	26	11	4	11.188	1
2017	1	26	11	4	11.197	1
2017	1	26	11	4	11.205	1
2017	1	26	11	4	11.214	1
2017	1	26	11	4	11.222	1
2017	1	26	11	4	11.23	1
2017	1	26	11	4	11.238	1
2017	1	26	11	4	11.247	1
2017	1	26	11	4	11.255	1
2017	1	26	11	4	11.263	1
2017	1	26	11	4	11.272	1
2017	1	26	11	4	11.28	1
2017	1	26	11	4	11.289	1
2017	1	26	11	4	11.297	1
2017	1	26	11	4	11.306	1
2017	1	26	11	4	11.313	1
2017	1	26	11	4	11.321	1
2017	1	26	11	4	11.33	1
2017	1	26	11	4	11.338	1
2017	1	26	11	4	11.353	1
2017	1	26	11	4	11.356	1
2017	1	26	11	4	11.369	1
2017	1	26	11	4	11.373	1
2017	1	26	11	4	11.387	1
2017	1	26	11	4	11.389	1
2017	1	26	11	4	11.403	1
2017	1	26	11	4	11.406	1
2017	1	26	11	4	11.413	1
2017	1	26	11	4	11.421	1
2017	1	26	11	4	11.43	1
2017	1	26	11	4	11.438	1
2017	1	26	11	4	11.446	1
2017	1	26	11	4	11.455	1
2017	1	26	11	4	11.47	1
2017	1	26	11	4	11.472	1
2017	1	26	11	4	11.486	1
2017	1	26	11	4	11.489	1
2017	1	26	11	4	11.503	1
2017	1	26	11	4	11.506	1
2017	1	26	11	4	11.519	1
2017	1	26	11	4	11.523	1
2017	1	26	11	4	11.536	1
2017	1	26	11	4	11.553	1
2017	1	26	11	4	11.553	1
2017	1	26	11	4	11.556	1
2017	1	26	11	4	11.563	1
2017	1	26	11	4	11.572	1
2017	1	26	11	4	11.586	1
2017	1	26	11	4	11.588	1
2017	1	26	11	4	11.602	1
2017	1	26	11	4	11.604	1
2017	1	26	11	4	11.619	1
2017	1	26	11	4	11.621	1
2017	1	26	11	4	11.637	1
2017	1	26	11	4	11.64	1
2017	1	26	11	4	11.652	1
2017	1	26	11	4	11.669	1
2017	1	26	11	4	11.669	1
2017	1	26	11	4	11.671	1
2017	1	26	11	4	11.679	1
2017	1	26	11	4	11.688	1
2017	1	26	11	4	11.696	1
2017	1	26	11	4	11.705	1
2017	1	26	11	4	11.72	1
2017	1	26	11	4	11.723	1
2017	1	26	11	4	11.736	1
2017	1	26	11	4	11.739	1
2017	1	26	11	4	11.752	1
2017	1	26	11	4	11.756	1
2017	1	26	11	4	11.769	1
2017	1	26	11	4	11.772	1
2017	1	26	11	4	11.786	1
2017	1	26	11	4	11.788	1
2017	1	26	11	4	11.796	1
2017	1	26	11	4	11.805	1
2017	1	26	11	4	11.813	1
2017	1	26	11	4	11.821	1
2017	1	26	11	4	11.836	1
2017	1	26	11	4	11.838	1
2017	1	26	11	4	11.853	1
2017	1	26	11	4	11.856	1
2017	1	26	11	4	11.869	1
2017	1	26	11	4	11.871	1
2017	1	26	11	4	11.886	1
2017	1	26	11	4	11.89	1
2017	1	26	11	4	11.903	1
2017	1	26	11	4	11.907	1
2017	1	26	11	4	11.913	1
2017	1	26	11	4	11.921	1
2017	1	26	11	4	11.93	1
2017	1	26	11	4	11.939	1
2017	1	26	11	4	11.947	1
2017	1	26	11	4	11.955	1
2017	1	26	11	4	11.97	1
2017	1	26	11	4	11.973	1
2017	1	26	11	4	11.986	1
2017	1	26	11	4	11.99	1
2017	1	26	11	4	12.003	1
2017	1	26	11	4	12.019	1
2017	1	26	11	4	12.019	1
2017	1	26	11	4	12.022	1
2017	1	26	11	4	12.03	1
2017	1	26	11	4	12.038	1
2017	1	26	11	4	12.046	1
2017	1	26	11	4	12.055	1
2017	1	26	11	4	12.069	1
2017	1	26	11	4	12.074	1
2017	1	26	11	4	12.086	1
2017	1	26	11	4	12.088	1
2017	1	26	11	4	12.103	1
2017	1	26	11	4	12.106	1
2017	1	26	11	4	12.119	1
2017	1	26	11	4	12.121	1
2017	1	26	11	4	12.136	1
2017	1	26	11	4	12.138	1
2017	1	26	11	4	12.153	1
2017	1	26	11	4	12.157	1
2017	1	26	11	4	12.163	1
2017	1	26	11	4	12.172	1
2017	1	26	11	4	12.18	1
2017	1	26	11	4	12.188	1
2017	1	26	11	4	12.203	1
2017	1	26	11	4	12.205	1
2017	1	26	11	4	12.219	1
2017	1	26	11	4	12.221	1
2017	1	26	11	4	12.236	1
2017	1	26	11	4	12.239	1
2017	1	26	11	4	12.253	1
2017	1	26	11	4	12.256	1
2017	1	26	11	4	12.269	1
2017	1	26	11	4	12.271	1
2017	1	26	11	4	12.286	1
2017	1	26	11	4	12.288	1
2017	1	26	11	4	12.296	1
2017	1	26	11	4	12.305	1
2017	1	26	11	4	12.313	1
2017	1	26	11	4	12.321	1
2017	1	26	11	4	12.336	1
2017	1	26	11	4	12.34	1
2017	1	26	11	4	12.353	1
2017	1	26	11	4	12.355	1
2017	1	26	11	4	12.369	1
2017	1	26	11	4	12.371	1
2017	1	26	11	4	12.386	1
2017	1	26	11	4	12.388	1
2017	1	26	11	4	12.396	1
2017	1	26	11	4	12.405	1
2017	1	26	11	4	12.419	1
2017	1	26	11	4	12.422	1
2017	1	26	11	4	12.436	1
2017	1	26	11	4	12.439	1
2017	1	26	11	4	12.452	1
2017	1	26	11	4	12.455	1
2017	1	26	11	4	12.469	1
2017	1	26	11	4	12.472	1
2017	1	26	11	4	12.486	1
2017	1	26	11	4	12.49	1
2017	1	26	11	4	12.496	1
2017	1	26	11	4	12.519	1
2017	1	26	11	4	12.52	1
2017	1	26	11	4	12.522	1
2017	1	26	11	4	12.529	1
2017	1	26	11	4	12.538	1
2017	1	26	11	4	12.551	1
2017	1	26	11	4	12.554	1
2017	1	26	11	4	12.568	1
2017	1	26	11	4	12.571	1
2017	1	26	11	4	12.585	1
2017	1	26	11	4	12.588	1
2017	1	26	11	4	12.596	1
2017	1	26	11	4	12.605	1
2017	1	26	11	4	12.613	1
2017	1	26	11	4	12.621	1
2017	1	26	11	4	12.635	1
2017	1	26	11	4	12.638	1
2017	1	26	11	4	12.652	1
2017	1	26	11	4	12.655	1
2017	1	26	11	4	12.668	1
2017	1	26	11	4	12.671	1
2017	1	26	11	4	12.685	1
2017	1	26	11	4	12.702	1
2017	1	26	11	4	12.702	1
2017	1	26	11	4	12.718	1
2017	1	26	11	4	12.719	1
2017	1	26	11	4	12.721	1
2017	1	26	11	4	12.73	1
2017	1	26	11	4	12.738	1
2017	1	26	11	4	12.746	1
2017	1	26	11	4	12.755	1
2017	1	26	11	4	12.768	1
2017	1	26	11	4	12.771	1
2017	1	26	11	4	12.78	1
2017	1	26	11	4	12.788	1
2017	1	26	11	4	12.797	1
2017	1	26	11	4	12.805	1
2017	1	26	11	4	12.813	1
2017	1	26	11	4	12.822	1
2017	1	26	11	4	12.83	1
2017	1	26	11	4	12.839	1
2017	1	26	11	4	12.846	1
2017	1	26	11	4	12.855	1
2017	1	26	11	4	12.863	1
2017	1	26	11	4	12.871	1
2017	1	26	11	4	12.886	1
2017	1	26	11	4	12.888	1
2017	1	26	11	4	12.902	1
2017	1	26	11	4	12.905	1
2017	1	26	11	4	12.919	1
2017	1	26	11	4	12.921	1
2017	1	26	11	4	12.936	1
2017	1	26	11	4	12.938	1
2017	1	26	11	4	12.952	1
2017	1	26	11	4	12.955	1
2017	1	26	11	4	12.969	1
2017	1	26	11	4	12.972	1
2017	1	26	11	4	12.98	1
2017	1	26	11	4	12.988	1
2017	1	26	11	4	12.996	1
2017	1	26	11	4	13.005	1
2017	1	26	11	4	13.014	1
2017	1	26	11	4	13.021	1
2017	1	26	11	4	13.03	1
2017	1	26	11	4	13.038	1
2017	1	26	11	4	13.046	1
2017	1	26	11	4	13.055	1
2017	1	26	11	4	13.063	1
2017	1	26	11	4	13.071	1
2017	1	26	11	4	13.079	1
2017	1	26	11	4	13.088	1
2017	1	26	11	4	13.102	1
2017	1	26	11	4	13.105	1
2017	1	26	11	4	13.119	1
2017	1	26	11	4	13.121	1
2017	1	26	11	4	13.136	1
2017	1	26	11	4	13.139	1
2017	1	26	11	4	13.152	1
2017	1	26	11	4	13.157	1
2017	1	26	11	4	13.169	1
2017	1	26	11	4	13.171	1
2017	1	26	11	4	13.186	1
2017	1	26	11	4	13.188	1
2017	1	26	11	4	13.196	1
2017	1	26	11	4	13.204	1
2017	1	26	11	4	13.213	1
2017	1	26	11	4	13.221	1
2017	1	26	11	4	13.234	1
2017	1	26	11	4	13.238	1
2017	1	26	11	4	13.246	1
2017	1	26	11	4	13.255	1
2017	1	26	11	4	13.263	1
2017	1	26	11	4	13.272	1
2017	1	26	11	4	13.28	1
2017	1	26	11	4	13.29	1
2017	1	26	11	4	13.296	1
2017	1	26	11	4	13.305	1
2017	1	26	11	4	13.313	1
2017	1	26	11	4	13.322	1
2017	1	26	11	4	13.336	1
2017	1	26	11	4	13.339	1
2017	1	26	11	4	13.353	1
2017	1	26	11	4	13.355	1
2017	1	26	11	4	13.37	1
2017	1	26	11	4	13.373	1
2017	1	26	11	4	13.386	1
2017	1	26	11	4	13.388	1
2017	1	26	11	4	13.403	1
2017	1	26	11	4	13.405	1
2017	1	26	11	4	13.413	1
2017	1	26	11	4	13.423	1
2017	1	26	11	4	13.43	1
2017	1	26	11	4	13.439	1
2017	1	26	11	4	13.453	1
2017	1	26	11	4	13.455	1
2017	1	26	11	4	13.469	1
2017	1	26	11	4	13.472	1
2017	1	26	11	4	13.486	1
2017	1	26	11	4	13.488	1
2017	1	26	11	4	13.502	1
2017	1	26	11	4	13.519	1
2017	1	26	11	4	13.52	1
2017	1	26	11	4	13.522	1
2017	1	26	11	4	13.53	1
2017	1	26	11	4	13.538	1
2017	1	26	11	4	13.546	1
2017	1	26	11	4	13.555	1
2017	1	26	11	4	13.569	1
2017	1	26	11	4	13.571	1
2017	1	26	11	4	13.586	1
2017	1	26	11	4	13.588	1
2017	1	26	11	4	13.602	1
2017	1	26	11	4	13.605	1
2017	1	26	11	4	13.613	1
2017	1	26	11	4	13.621	1
2017	1	26	11	4	13.629	1
2017	1	26	11	4	13.638	1
2017	1	26	11	4	13.653	1
2017	1	26	11	4	13.655	1
2017	1	26	11	4	13.669	1
2017	1	26	11	4	13.671	1
2017	1	26	11	4	13.687	1
2017	1	26	11	4	13.688	1
2017	1	26	11	4	13.703	1
2017	1	26	11	4	13.706	1
2017	1	26	11	4	13.719	1
2017	1	26	11	4	13.721	1
2017	1	26	11	4	13.73	1
2017	1	26	11	4	13.738	1
2017	1	26	11	4	13.746	1
2017	1	26	11	4	13.77	1
2017	1	26	11	4	13.77	1
2017	1	26	11	4	13.773	1
2017	1	26	11	4	13.785	1
2017	1	26	11	4	13.788	1
2017	1	26	11	4	13.802	1
2017	1	26	11	4	13.804	1
2017	1	26	11	4	13.813	1
2017	1	26	11	4	13.822	1
2017	1	26	11	4	13.829	1
2017	1	26	11	4	13.838	1
2017	1	26	11	4	13.846	1
2017	1	26	11	4	13.855	1
2017	1	26	11	4	13.869	1
2017	1	26	11	4	13.872	1
2017	1	26	11	4	13.886	1
2017	1	26	11	4	13.889	1
2017	1	26	11	4	13.902	1
2017	1	26	11	4	13.905	1
2017	1	26	11	4	13.919	1
2017	1	26	11	4	13.921	1
2017	1	26	11	4	13.936	1
2017	1	26	11	4	13.952	1
2017	1	26	11	4	13.954	1
2017	1	26	11	4	13.958	1
2017	1	26	11	4	13.963	1
2017	1	26	11	4	13.972	1
2017	1	26	11	4	13.98	1
2017	1	26	11	4	13.989	1
2017	1	26	11	4	13.997	1
2017	1	26	11	4	14.005	1
2017	1	26	11	4	14.014	1
2017	1	26	11	4	14.022	1
2017	1	26	11	4	14.03	1
2017	1	26	11	4	14.038	1
2017	1	26	11	4	14.046	1
2017	1	26	11	4	14.056	1
2017	1	26	11	4	14.063	1
2017	1	26	11	4	14.072	1
2017	1	26	11	4	14.08	1
2017	1	26	11	4	14.088	1
2017	1	26	11	4	14.097	1
2017	1	26	11	4	14.105	1
2017	1	26	11	4	14.119	1
2017	1	26	11	4	14.122	1
2017	1	26	11	4	14.136	1
2017	1	26	11	4	14.139	1
2017	1	26	11	4	14.152	1
2017	1	26	11	4	14.155	1
2017	1	26	11	4	14.169	1
2017	1	26	11	4	14.171	1
2017	1	26	11	4	14.186	1
2017	1	26	11	4	14.188	1
2017	1	26	11	4	14.203	1
2017	1	26	11	4	14.206	1
2017	1	26	11	4	14.213	1
2017	1	26	11	4	14.221	1
2017	1	26	11	4	14.23	1
2017	1	26	11	4	14.238	1
2017	1	26	11	4	14.248	1
2017	1	26	11	4	14.255	1
2017	1	26	11	4	14.265	1
2017	1	26	11	4	14.273	1
2017	1	26	11	4	14.28	1
2017	1	26	11	4	14.288	1
2017	1	26	11	4	14.296	1
2017	1	26	11	4	14.305	1
2017	1	26	11	4	14.319	1
2017	1	26	11	4	14.322	1
2017	1	26	11	4	14.336	1
2017	1	26	11	4	14.338	1
2017	1	26	11	4	14.346	1
2017	1	26	11	4	14.355	1
2017	1	26	11	4	14.363	1
2017	1	26	11	4	14.372	1
2017	1	26	11	4	14.38	1
2017	1	26	11	4	14.402	1
2017	1	26	11	4	14.403	1
2017	1	26	11	4	14.406	1
2017	1	26	11	4	14.413	1
2017	1	26	11	4	14.421	1
2017	1	26	11	4	14.435	1
2017	1	26	11	4	14.438	1
2017	1	26	11	4	14.451	1
2017	1	26	11	4	14.455	1
2017	1	26	11	4	14.468	1
2017	1	26	11	4	14.485	1
2017	1	26	11	4	14.485	1
2017	1	26	11	4	14.488	1
2017	1	26	11	4	14.496	1
2017	1	26	11	4	14.504	1
2017	1	26	11	4	14.513	1
2017	1	26	11	4	14.521	1
2017	1	26	11	4	14.529	1
2017	1	26	11	4	14.539	1
2017	1	26	11	4	14.553	1
2017	1	26	11	4	14.555	1
2017	1	26	11	4	14.569	1
2017	1	26	11	4	14.571	1
2017	1	26	11	4	14.579	1
2017	1	26	11	4	14.588	1
2017	1	26	11	4	14.596	1
2017	1	26	11	4	14.605	1
2017	1	26	11	4	14.613	1
2017	1	26	11	4	14.623	1
2017	1	26	11	4	14.629	1
2017	1	26	11	4	14.639	1
2017	1	26	11	4	14.652	1
2017	1	26	11	4	14.655	1
2017	1	26	11	4	14.669	1
2017	1	26	11	4	14.672	1
2017	1	26	11	4	14.686	1
2017	1	26	11	4	14.688	1
2017	1	26	11	4	14.703	1
2017	1	26	11	4	14.707	1
2017	1	26	11	4	14.719	1
2017	1	26	11	4	14.722	1
2017	1	26	11	4	14.736	1
2017	1	26	11	4	14.738	1
2017	1	26	11	4	14.746	1
2017	1	26	11	4	14.755	1
2017	1	26	11	4	14.763	1
2017	1	26	11	4	14.771	1
2017	1	26	11	4	14.78	1
2017	1	26	11	4	14.788	1
2017	1	26	11	4	14.803	1
2017	1	26	11	4	14.805	1
2017	1	26	11	4	14.819	1
2017	1	26	11	4	14.822	1
2017	1	26	11	4	14.829	1
2017	1	26	11	4	14.84	1
2017	1	26	11	4	14.846	1
2017	1	26	11	4	14.855	1
2017	1	26	11	4	14.863	1
2017	1	26	11	4	14.872	1
2017	1	26	11	4	14.88	1
2017	1	26	11	4	14.888	1
2017	1	26	11	4	14.902	1
2017	1	26	11	4	14.905	1
2017	1	26	11	4	14.919	1
2017	1	26	11	4	14.921	1
2017	1	26	11	4	14.936	1
2017	1	26	11	4	14.938	1
2017	1	26	11	4	14.952	1
2017	1	26	11	4	14.956	1
2017	1	26	11	4	14.969	1
2017	1	26	11	4	14.972	1
2017	1	26	11	4	14.98	1
2017	1	26	11	4	14.988	1
2017	1	26	11	4	14.996	1
2017	1	26	11	4	15.004	1
2017	1	26	11	4	15.013	1
2017	1	26	11	4	15.021	1
2017	1	26	11	4	15.029	1
2017	1	26	11	4	15.038	1
2017	1	26	11	4	15.047	1
2017	1	26	11	4	15.057	1
2017	1	26	11	4	15.063	1
2017	1	26	11	4	15.072	1
2017	1	26	11	4	15.08	1
2017	1	26	11	4	15.088	1
2017	1	26	11	4	15.096	1
2017	1	26	11	4	15.104	1
2017	1	26	11	4	15.119	1
2017	1	26	11	4	15.121	1
2017	1	26	11	4	15.136	1
2017	1	26	11	4	15.14	1
2017	1	26	11	4	15.152	1
2017	1	26	11	4	15.155	1
2017	1	26	11	4	15.169	1
2017	1	26	11	4	15.171	1
2017	1	26	11	4	15.186	1
2017	1	26	11	4	15.189	1
2017	1	26	11	4	15.203	1
2017	1	26	11	4	15.206	1
2017	1	26	11	4	15.213	1
2017	1	26	11	4	15.222	1
2017	1	26	11	4	15.23	1
2017	1	26	11	4	15.238	1
2017	1	26	11	4	15.246	1
2017	1	26	11	4	15.255	1
2017	1	26	11	4	15.263	1
2017	1	26	11	4	15.272	1
2017	1	26	11	4	15.28	1
2017	1	26	11	4	15.29	1
2017	1	26	11	4	15.296	1
2017	1	26	11	4	15.306	1
2017	1	26	11	4	15.314	1
2017	1	26	11	4	15.323	1
2017	1	26	11	4	15.336	1
2017	1	26	11	4	15.339	1
2017	1	26	11	4	15.352	1
2017	1	26	11	4	15.354	1
2017	1	26	11	4	15.369	1
2017	1	26	11	4	15.372	1
2017	1	26	11	4	15.387	1
2017	1	26	11	4	15.39	1
2017	1	26	11	4	15.403	1
2017	1	26	11	4	15.42	1
2017	1	26	11	4	15.42	1
2017	1	26	11	4	15.422	1
2017	1	26	11	4	15.43	1
2017	1	26	11	4	15.438	1
2017	1	26	11	4	15.452	1
2017	1	26	11	4	15.455	1
2017	1	26	11	4	15.469	1
2017	1	26	11	4	15.473	1
2017	1	26	11	4	15.486	1
2017	1	26	11	4	15.489	1
2017	1	26	11	4	15.502	1
2017	1	26	11	4	15.505	1
2017	1	26	11	4	15.519	1
2017	1	26	11	4	15.535	1
2017	1	26	11	4	15.536	1
2017	1	26	11	4	15.538	1
2017	1	26	11	4	15.546	1
2017	1	26	11	4	15.555	1
2017	1	26	11	4	15.563	1
2017	1	26	11	4	15.571	1
2017	1	26	11	4	15.586	1
2017	1	26	11	4	15.588	1
2017	1	26	11	4	15.602	1
2017	1	26	11	4	15.604	1
2017	1	26	11	4	15.619	1
2017	1	26	11	4	15.622	1
2017	1	26	11	4	15.636	1
2017	1	26	11	4	15.638	1
2017	1	26	11	4	15.646	1
2017	1	26	11	4	15.655	1
2017	1	26	11	4	15.669	1
2017	1	26	11	4	15.671	1
2017	1	26	11	4	15.686	1
2017	1	26	11	4	15.689	1
2017	1	26	11	4	15.703	1
2017	1	26	11	4	15.706	1
2017	1	26	11	4	15.719	1
2017	1	26	11	4	15.721	1
2017	1	26	11	4	15.736	1
2017	1	26	11	4	15.738	1
2017	1	26	11	4	15.746	1
2017	1	26	11	4	15.756	1
2017	1	26	11	4	15.763	1
2017	1	26	11	4	15.771	1
2017	1	26	11	4	15.779	1
2017	1	26	11	4	15.788	1
2017	1	26	11	4	15.802	1
2017	1	26	11	4	15.805	1
2017	1	26	11	4	15.819	1
2017	1	26	11	4	15.822	1
2017	1	26	11	4	15.829	1
2017	1	26	11	4	15.838	1
2017	1	26	11	4	15.846	1
2017	1	26	11	4	15.856	1
2017	1	26	11	4	15.863	1
2017	1	26	11	4	15.872	1
2017	1	26	11	4	15.88	1
2017	1	26	11	4	15.888	1
2017	1	26	11	4	15.896	1
2017	1	26	11	4	15.906	1
2017	1	26	11	4	15.919	1
2017	1	26	11	4	15.922	1
2017	1	26	11	4	15.936	1
2017	1	26	11	4	15.939	1
2017	1	26	11	4	15.953	1
2017	1	26	11	4	15.956	1
2017	1	26	11	4	15.969	1
2017	1	26	11	4	15.971	1
2017	1	26	11	4	15.986	1
2017	1	26	11	4	15.989	1
2017	1	26	11	4	15.996	1
2017	1	26	11	4	16.006	1
2017	1	26	11	4	16.013	1
2017	1	26	11	4	16.021	1
2017	1	26	11	4	16.029	1
2017	1	26	11	4	16.039	1
2017	1	26	11	4	16.053	1
2017	1	26	11	4	16.055	1
2017	1	26	11	4	16.063	1
2017	1	26	11	4	16.071	1
2017	1	26	11	4	16.08	1
2017	1	26	11	4	16.088	1
2017	1	26	11	4	16.096	1
2017	1	26	11	4	16.104	1
2017	1	26	11	4	16.113	1
2017	1	26	11	4	16.122	1
2017	1	26	11	4	16.129	1
2017	1	26	11	4	16.153	1
2017	1	26	11	4	16.154	1
2017	1	26	11	4	16.157	1
2017	1	26	11	4	16.168	1
2017	1	26	11	4	16.171	1
2017	1	26	11	4	16.185	1
2017	1	26	11	4	16.188	1
2017	1	26	11	4	16.201	1
2017	1	26	11	4	16.204	1
2017	1	26	11	4	16.218	1
2017	1	26	11	4	16.235	1
2017	1	26	11	4	16.235	1
2017	1	26	11	4	16.238	1
2017	1	26	11	4	16.246	1
2017	1	26	11	4	16.255	1
2017	1	26	11	4	16.268	1
2017	1	26	11	4	16.271	1
2017	1	26	11	4	16.279	1
2017	1	26	11	4	16.288	1
2017	1	26	11	4	16.297	1
2017	1	26	11	4	16.304	1
2017	1	26	11	4	16.313	1
2017	1	26	11	4	16.321	1
2017	1	26	11	4	16.329	1
2017	1	26	11	4	16.338	1
2017	1	26	11	4	16.346	1
2017	1	26	11	4	16.354	1
2017	1	26	11	4	16.363	1
2017	1	26	11	4	16.371	1
2017	1	26	11	4	16.38	1
2017	1	26	11	4	16.387	1
2017	1	26	11	4	16.402	1
2017	1	26	11	4	16.405	1
2017	1	26	11	4	16.419	1
2017	1	26	11	4	16.421	1
2017	1	26	11	4	16.436	1
2017	1	26	11	4	16.442	1
2017	1	26	11	4	16.452	1
2017	1	26	11	4	16.468	1
2017	1	26	11	4	16.469	1
2017	1	26	11	4	16.471	1
2017	1	26	11	4	16.479	1
2017	1	26	11	4	16.487	1
2017	1	26	11	4	16.496	1
2017	1	26	11	4	16.504	1
2017	1	26	11	4	16.513	1
2017	1	26	11	4	16.521	1
2017	1	26	11	4	16.529	1
2017	1	26	11	4	16.537	1
2017	1	26	11	4	16.546	1
2017	1	26	11	4	16.554	1
2017	1	26	11	4	16.563	1
2017	1	26	11	4	16.572	1
2017	1	26	11	4	16.579	1
2017	1	26	11	4	16.59	1
2017	1	26	11	4	16.596	1
2017	1	26	11	4	16.605	1
2017	1	26	11	4	16.613	1
2017	1	26	11	4	16.621	1
2017	1	26	11	4	16.63	1
2017	1	26	11	4	16.638	1
2017	1	26	11	4	16.652	1
2017	1	26	11	4	16.655	1
2017	1	26	11	4	16.669	1
2017	1	26	11	4	16.672	1
2017	1	26	11	4	16.686	1
2017	1	26	11	4	16.703	1
2017	1	26	11	4	16.703	1
2017	1	26	11	4	16.706	1
2017	1	26	11	4	16.713	1
2017	1	26	11	4	16.722	1
2017	1	26	11	4	16.73	1
2017	1	26	11	4	16.738	1
2017	1	26	11	4	16.748	1
2017	1	26	11	4	16.754	1
2017	1	26	11	4	16.765	1
2017	1	26	11	4	16.771	1
2017	1	26	11	4	16.78	1
2017	1	26	11	4	16.788	1
2017	1	26	11	4	16.796	1
2017	1	26	11	4	16.804	1
2017	1	26	11	4	16.813	1
2017	1	26	11	4	16.822	1
2017	1	26	11	4	16.829	1
2017	1	26	11	4	16.839	1
2017	1	26	11	4	16.846	1
2017	1	26	11	4	16.854	1
2017	1	26	11	4	16.869	1
2017	1	26	11	4	16.871	1
2017	1	26	11	4	16.886	1
2017	1	26	11	4	16.889	1
2017	1	26	11	4	16.902	1
2017	1	26	11	4	16.904	1
2017	1	26	11	4	16.919	1
2017	1	26	11	4	16.922	1
2017	1	26	11	4	16.936	1
2017	1	26	11	4	16.939	1
2017	1	26	11	4	16.946	1
2017	1	26	11	4	16.955	1
2017	1	26	11	4	16.963	1
2017	1	26	11	4	16.971	1
2017	1	26	11	4	16.98	1
2017	1	26	11	4	16.988	1
2017	1	26	11	4	16.996	1
2017	1	26	11	4	17.004	1
2017	1	26	11	4	17.013	1
2017	1	26	11	4	17.021	1
2017	1	26	11	4	17.029	1
2017	1	26	11	4	17.039	1
2017	1	26	11	4	17.046	1
2017	1	26	11	4	17.055	1
2017	1	26	11	4	17.063	1
2017	1	26	11	4	17.072	1
2017	1	26	11	4	17.084	1
2017	1	26	11	4	17.089	1
2017	1	26	11	4	17.103	1
2017	1	26	11	4	17.106	1
2017	1	26	11	4	17.119	1
2017	1	26	11	4	17.121	1
2017	1	26	11	4	17.136	1
2017	1	26	11	4	17.139	1
2017	1	26	11	4	17.152	1
2017	1	26	11	4	17.155	1
2017	1	26	11	4	17.169	1
2017	1	26	11	4	17.171	1
2017	1	26	11	4	17.185	1
2017	1	26	11	4	17.188	1
2017	1	26	11	4	17.196	1
2017	1	26	11	4	17.204	1
2017	1	26	11	4	17.213	1
2017	1	26	11	4	17.221	1
2017	1	26	11	4	17.23	1
2017	1	26	11	4	17.237	1
2017	1	26	11	4	17.252	1
2017	1	26	11	4	17.254	1
2017	1	26	11	4	17.268	1
2017	1	26	11	4	17.272	1
2017	1	26	11	4	17.284	1
2017	1	26	11	4	17.288	1
2017	1	26	11	4	17.301	1
2017	1	26	11	4	17.306	1
2017	1	26	11	4	17.313	1
2017	1	26	11	4	17.322	1
2017	1	26	11	4	17.329	1
2017	1	26	11	4	17.338	1
2017	1	26	11	4	17.353	1
2017	1	26	11	4	17.356	1
2017	1	26	11	4	17.37	1
2017	1	26	11	4	17.373	1
2017	1	26	11	4	17.386	1
2017	1	26	11	4	17.388	1
2017	1	26	11	4	17.403	1
2017	1	26	11	4	17.405	1
2017	1	26	11	4	17.419	1
2017	1	26	11	4	17.421	1
2017	1	26	11	4	17.436	1
2017	1	26	11	4	17.439	1
2017	1	26	11	4	17.446	1
2017	1	26	11	4	17.461	1
2017	1	26	11	4	17.465	1
2017	1	26	11	4	17.471	1
2017	1	26	11	4	17.479	1
2017	1	26	11	4	17.488	1
2017	1	26	11	4	17.496	1
2017	1	26	11	4	17.505	1
2017	1	26	11	4	17.513	1
2017	1	26	11	4	17.522	1
2017	1	26	11	4	17.529	1
2017	1	26	11	4	17.539	1
2017	1	26	11	4	17.546	1
2017	1	26	11	4	17.555	1
2017	1	26	11	4	17.563	1
2017	1	26	11	4	17.572	1
2017	1	26	11	4	17.586	1
2017	1	26	11	4	17.588	1
2017	1	26	11	4	17.602	1
2017	1	26	11	4	17.606	1
2017	1	26	11	4	17.619	1
2017	1	26	11	4	17.622	1
2017	1	26	11	4	17.636	1
2017	1	26	11	4	17.639	1
2017	1	26	11	4	17.653	1
2017	1	26	11	4	17.656	1
2017	1	26	11	4	17.669	1
2017	1	26	11	4	17.671	1
2017	1	26	11	4	17.679	1
2017	1	26	11	4	17.688	1
2017	1	26	11	4	17.703	1
2017	1	26	11	4	17.705	1
2017	1	26	11	4	17.72	1
2017	1	26	11	4	17.723	1
2017	1	26	11	4	17.736	1
2017	1	26	11	4	17.74	1
2017	1	26	11	4	17.752	1
2017	1	26	11	4	17.769	1
2017	1	26	11	4	17.77	1
2017	1	26	11	4	17.772	1
2017	1	26	11	4	17.779	1
2017	1	26	11	4	17.787	1
2017	1	26	11	4	17.796	1
2017	1	26	11	4	17.805	1
2017	1	26	11	4	17.819	1
2017	1	26	11	4	17.822	1
2017	1	26	11	4	17.836	1
2017	1	26	11	4	17.839	1
2017	1	26	11	4	17.852	1
2017	1	26	11	4	17.854	1
2017	1	26	11	4	17.869	1
2017	1	26	11	4	17.871	1
2017	1	26	11	4	17.879	1
2017	1	26	11	4	17.887	1
2017	1	26	11	4	17.896	1
2017	1	26	11	4	17.904	1
2017	1	26	11	4	17.919	1
2017	1	26	11	4	17.923	1
2017	1	26	11	4	17.936	1
2017	1	26	11	4	17.939	1
2017	1	26	11	4	17.952	1
2017	1	26	11	4	17.955	1
2017	1	26	11	4	17.97	1
2017	1	26	11	4	17.973	1
2017	1	26	11	4	17.986	1
2017	1	26	11	4	17.989	1
2017	1	26	11	4	17.996	1
2017	1	26	11	4	18.005	1
2017	1	26	11	4	18.013	1
2017	1	26	11	4	18.021	1
2017	1	26	11	4	18.03	1
2017	1	26	11	4	18.039	1
2017	1	26	11	4	18.053	1
2017	1	26	11	4	18.056	1
2017	1	26	11	4	18.069	1
2017	1	26	11	4	18.072	1
2017	1	26	11	4	18.079	1
2017	1	26	11	4	18.089	1
2017	1	26	11	4	18.096	1
2017	1	26	11	4	18.104	1
2017	1	26	11	4	18.113	1
2017	1	26	11	4	18.122	1
2017	1	26	11	4	18.13	1
2017	1	26	11	4	18.139	1
2017	1	26	11	4	18.152	1
2017	1	26	11	4	18.155	1
2017	1	26	11	4	18.169	1
2017	1	26	11	4	18.172	1
2017	1	26	11	4	18.186	1
2017	1	26	11	4	18.189	1
2017	1	26	11	4	18.202	1
2017	1	26	11	4	18.205	1
2017	1	26	11	4	18.219	1
2017	1	26	11	4	18.222	1
2017	1	26	11	4	18.229	1
2017	1	26	11	4	18.237	1
2017	1	26	11	4	18.246	1
2017	1	26	11	4	18.255	1
2017	1	26	11	4	18.263	1
2017	1	26	11	4	18.272	1
2017	1	26	11	4	18.279	1
2017	1	26	11	4	18.288	1
2017	1	26	11	4	18.296	1
2017	1	26	11	4	18.306	1
2017	1	26	11	4	18.313	1
2017	1	26	11	4	18.322	1
2017	1	26	11	4	18.329	1
2017	1	26	11	4	18.338	1
2017	1	26	11	4	18.346	1
2017	1	26	11	4	18.354	1
2017	1	26	11	4	18.362	1
2017	1	26	11	4	18.371	1
2017	1	26	11	4	18.386	1
2017	1	26	11	4	18.389	1
2017	1	26	11	4	18.402	1
2017	1	26	11	4	18.405	1
2017	1	26	11	4	18.418	1
2017	1	26	11	4	18.421	1
2017	1	26	11	4	18.436	1
2017	1	26	11	4	18.438	1
2017	1	26	11	4	18.452	1
2017	1	26	11	4	18.455	1
2017	1	26	11	4	18.463	1
2017	1	26	11	4	18.471	1
2017	1	26	11	4	18.479	1
2017	1	26	11	4	18.487	1
2017	1	26	11	4	18.496	1
2017	1	26	11	4	18.504	1
2017	1	26	11	4	18.513	1
2017	1	26	11	4	18.522	1
2017	1	26	11	4	18.529	1
2017	1	26	11	4	18.537	1
2017	1	26	11	4	18.546	1
2017	1	26	11	4	18.554	1
2017	1	26	11	4	18.562	1
2017	1	26	11	4	18.571	1
2017	1	26	11	4	18.579	1
2017	1	26	11	4	18.587	1
2017	1	26	11	4	18.603	1
2017	1	26	11	4	18.605	1
2017	1	26	11	4	18.619	1
2017	1	26	11	4	18.621	1
2017	1	26	11	4	18.636	1
2017	1	26	11	4	18.639	1
2017	1	26	11	4	18.652	1
2017	1	26	11	4	18.654	1
2017	1	26	11	4	18.669	1
2017	1	26	11	4	18.671	1
2017	1	26	11	4	18.68	1
2017	1	26	11	4	18.688	1
2017	1	26	11	4	18.698	1
2017	1	26	11	4	18.705	1
2017	1	26	11	4	18.713	1
2017	1	26	11	4	18.721	1
2017	1	26	11	4	18.729	1
2017	1	26	11	4	18.74	1
2017	1	26	11	4	18.746	1
2017	1	26	11	4	18.755	1
2017	1	26	11	4	18.763	1
2017	1	26	11	4	18.773	1
2017	1	26	11	4	18.779	1
2017	1	26	11	4	18.788	1
2017	1	26	11	4	18.796	1
2017	1	26	11	4	18.805	1
2017	1	26	11	4	18.819	1
2017	1	26	11	4	18.821	1
2017	1	26	11	4	18.836	1
2017	1	26	11	4	18.838	1
2017	1	26	11	4	18.852	1
2017	1	26	11	4	18.855	1
2017	1	26	11	4	18.869	1
2017	1	26	11	4	18.872	1
2017	1	26	11	4	18.879	1
2017	1	26	11	4	18.889	1
2017	1	26	11	4	18.896	1
2017	1	26	11	4	18.904	1
2017	1	26	11	4	18.913	1
2017	1	26	11	4	18.921	1
2017	1	26	11	4	18.936	1
2017	1	26	11	4	18.938	1
2017	1	26	11	4	18.953	1
2017	1	26	11	4	18.956	1
2017	1	26	11	4	18.97	1
2017	1	26	11	4	18.973	1
2017	1	26	11	4	18.986	1
2017	1	26	11	4	19.002	1
2017	1	26	11	4	19.002	1
2017	1	26	11	4	19.004	1
2017	1	26	11	4	19.012	1
2017	1	26	11	4	19.021	1
2017	1	26	11	4	19.029	1
2017	1	26	11	4	19.038	1
2017	1	26	11	4	19.046	1
2017	1	26	11	4	19.054	1
2017	1	26	11	4	19.069	1
2017	1	26	11	4	19.073	1
2017	1	26	11	4	19.085	1
2017	1	26	11	4	19.088	1
2017	1	26	11	4	19.096	1
2017	1	26	11	4	19.104	1
2017	1	26	11	4	19.113	1
2017	1	26	11	4	19.121	1
2017	1	26	11	4	19.136	1
2017	1	26	11	4	19.139	1
2017	1	26	11	4	19.153	1
2017	1	26	11	4	19.155	1
2017	1	26	11	4	19.169	1
2017	1	26	11	4	19.172	1
2017	1	26	11	4	19.185	1
2017	1	26	11	4	19.187	1
2017	1	26	11	4	19.202	1
2017	1	26	11	4	19.204	1
2017	1	26	11	4	19.219	1
2017	1	26	11	4	19.221	1
2017	1	26	11	4	19.229	1
2017	1	26	11	4	19.237	1
2017	1	26	11	4	19.246	1
2017	1	26	11	4	19.254	1
2017	1	26	11	4	19.263	1
2017	1	26	11	4	19.272	1
2017	1	26	11	4	19.285	1
2017	1	26	11	4	19.288	1
2017	1	26	11	4	19.296	1
2017	1	26	11	4	19.306	1
2017	1	26	11	4	19.313	1
2017	1	26	11	4	19.322	1
2017	1	26	11	4	19.329	1
2017	1	26	11	4	19.339	1
2017	1	26	11	4	19.346	1
2017	1	26	11	4	19.354	1
2017	1	26	11	4	19.369	1
2017	1	26	11	4	19.371	1
2017	1	26	11	4	19.386	1
2017	1	26	11	4	19.388	1
2017	1	26	11	4	19.402	1
2017	1	26	11	4	19.405	1
2017	1	26	11	4	19.42	1
2017	1	26	11	4	19.423	1
2017	1	26	11	4	19.436	1
2017	1	26	11	4	19.439	1
2017	1	26	11	4	19.452	1
2017	1	26	11	4	19.454	1
2017	1	26	11	4	19.463	1
2017	1	26	11	4	19.472	1
2017	1	26	11	4	19.479	1
2017	1	26	11	4	19.488	1
2017	1	26	11	4	19.496	1
2017	1	26	11	4	19.504	1
2017	1	26	11	4	19.513	1
2017	1	26	11	4	19.521	1
2017	1	26	11	4	19.529	1
2017	1	26	11	4	19.539	1
2017	1	26	11	4	19.546	1
2017	1	26	11	4	19.554	1
2017	1	26	11	4	19.563	1
2017	1	26	11	4	19.571	1
2017	1	26	11	4	19.579	1
2017	1	26	11	4	19.588	1
2017	1	26	11	4	19.602	1
2017	1	26	11	4	19.606	1
2017	1	26	11	4	19.62	1
2017	1	26	11	4	19.622	1
2017	1	26	11	4	19.636	1
2017	1	26	11	4	19.639	1
2017	1	26	11	4	19.652	1
2017	1	26	11	4	19.654	1
2017	1	26	11	4	19.669	1
2017	1	26	11	4	19.672	1
2017	1	26	11	4	19.685	1
2017	1	26	11	4	19.687	1
2017	1	26	11	4	19.696	1
2017	1	26	11	4	19.704	1
2017	1	26	11	4	19.715	1
2017	1	26	11	4	19.721	1
2017	1	26	11	4	19.729	1
2017	1	26	11	4	19.738	1
2017	1	26	11	4	19.746	1
2017	1	26	11	4	19.756	1
2017	1	26	11	4	19.763	1
2017	1	26	11	4	19.771	1
2017	1	26	11	4	19.779	1
2017	1	26	11	4	19.789	1
2017	1	26	11	4	19.796	1
2017	1	26	11	4	19.805	1
2017	1	26	11	4	19.812	1
2017	1	26	11	4	19.821	1
2017	1	26	11	4	19.836	1
2017	1	26	11	4	19.84	1
2017	1	26	11	4	19.852	1
2017	1	26	11	4	19.854	1
2017	1	26	11	4	19.869	1
2017	1	26	11	4	19.871	1
2017	1	26	11	4	19.886	1
2017	1	26	11	4	19.888	1
2017	1	26	11	4	19.902	1
2017	1	26	11	4	19.904	1
2017	1	26	11	4	19.912	1
2017	1	26	11	4	19.921	1
2017	1	26	11	4	19.935	1
2017	1	26	11	4	19.938	1
2017	1	26	11	4	19.952	1
2017	1	26	11	4	19.954	1
2017	1	26	11	4	19.969	1
2017	1	26	11	4	19.972	1
2017	1	26	11	4	19.985	1
2017	1	26	11	4	19.988	1
2017	1	26	11	4	20.002	1
2017	1	26	11	4	20.005	1
2017	1	26	11	4	20.012	1
2017	1	26	11	4	20.022	1
2017	1	26	11	4	20.029	1
2017	1	26	11	4	20.037	1
2017	1	26	11	4	20.046	1
2017	1	26	11	4	20.055	1
2017	1	26	11	4	20.069	1
2017	1	26	11	4	20.073	1
2017	1	26	11	4	20.086	1
2017	1	26	11	4	20.088	1
2017	1	26	11	4	20.096	1
2017	1	26	11	4	20.106	1
2017	1	26	11	4	20.113	1
2017	1	26	11	4	20.122	1
2017	1	26	11	4	20.13	1
2017	1	26	11	4	20.139	1
2017	1	26	11	4	20.146	1
2017	1	26	11	4	20.155	1
2017	1	26	11	4	20.169	1
2017	1	26	11	4	20.171	1
2017	1	26	11	4	20.186	1
2017	1	26	11	4	20.188	1
2017	1	26	11	4	20.202	1
2017	1	26	11	4	20.205	1
2017	1	26	11	4	20.219	1
2017	1	26	11	4	20.222	1
2017	1	26	11	4	20.229	1
2017	1	26	11	4	20.239	1
2017	1	26	11	4	20.246	1
2017	1	26	11	4	20.254	1
2017	1	26	11	4	20.263	1
2017	1	26	11	4	20.271	1
2017	1	26	11	4	20.286	1
2017	1	26	11	4	20.288	1
2017	1	26	11	4	20.303	1
2017	1	26	11	4	20.305	1
2017	1	26	11	4	20.313	1
2017	1	26	11	4	20.322	1
2017	1	26	11	4	20.329	1
2017	1	26	11	4	20.339	1
2017	1	26	11	4	20.346	1
2017	1	26	11	4	20.354	1
2017	1	26	11	4	20.369	1
2017	1	26	11	4	20.371	1
2017	1	26	11	4	20.386	1
2017	1	26	11	4	20.389	1
2017	1	26	11	4	20.403	1
2017	1	26	11	4	20.404	1
2017	1	26	11	4	20.419	1
2017	1	26	11	4	20.421	1
2017	1	26	11	4	20.436	1
2017	1	26	11	4	20.452	1
2017	1	26	11	4	20.452	1
2017	1	26	11	4	20.455	1
2017	1	26	11	4	20.462	1
2017	1	26	11	4	20.471	1
2017	1	26	11	4	20.479	1
2017	1	26	11	4	20.488	1
2017	1	26	11	4	20.496	1
2017	1	26	11	4	20.504	1
2017	1	26	11	4	20.512	1
2017	1	26	11	4	20.521	1
2017	1	26	11	4	20.529	1
2017	1	26	11	4	20.537	1
2017	1	26	11	4	20.546	1
2017	1	26	11	4	20.555	1
2017	1	26	11	4	20.569	1
2017	1	26	11	4	20.572	1
2017	1	26	11	4	20.585	1
2017	1	26	11	4	20.589	1
2017	1	26	11	4	20.596	1
2017	1	26	11	4	20.605	1
2017	1	26	11	4	20.612	1
2017	1	26	11	4	20.623	1
2017	1	26	11	4	20.629	1
2017	1	26	11	4	20.638	1
2017	1	26	11	4	20.646	1
2017	1	26	11	4	20.654	1
2017	1	26	11	4	20.662	1
2017	1	26	11	4	20.671	1
2017	1	26	11	4	20.685	1
2017	1	26	11	4	20.688	1
2017	1	26	11	4	20.702	1
2017	1	26	11	4	20.705	1
2017	1	26	11	4	20.718	1
2017	1	26	11	4	20.722	1
2017	1	26	11	4	20.736	1
2017	1	26	11	4	20.738	1
2017	1	26	11	4	20.746	1
2017	1	26	11	4	20.756	1
2017	1	26	11	4	20.762	1
2017	1	26	11	4	20.772	1
2017	1	26	11	4	20.779	1
2017	1	26	11	4	20.788	1
2017	1	26	11	4	20.796	1
2017	1	26	11	4	20.805	1
2017	1	26	11	4	20.819	1
2017	1	26	11	4	20.822	1
2017	1	26	11	4	20.836	1
2017	1	26	11	4	20.839	1
2017	1	26	11	4	20.846	1
2017	1	26	11	4	20.855	1
2017	1	26	11	4	20.863	1
2017	1	26	11	4	20.873	1
2017	1	26	11	4	20.879	1
2017	1	26	11	4	20.888	1
2017	1	26	11	4	20.896	1
2017	1	26	11	4	20.904	1
2017	1	26	11	4	20.912	1
2017	1	26	11	4	20.922	1
2017	1	26	11	4	20.937	1
2017	1	26	11	4	20.938	1
2017	1	26	11	4	20.953	1
2017	1	26	11	4	20.956	1
2017	1	26	11	4	20.969	1
2017	1	26	11	4	20.972	1
2017	1	26	11	4	20.979	1
2017	1	26	11	4	20.99	1
2017	1	26	11	4	20.996	1
2017	1	26	11	4	21.005	1
2017	1	26	11	4	21.012	1
2017	1	26	11	4	21.021	1
2017	1	26	11	4	21.036	1
2017	1	26	11	4	21.039	1
2017	1	26	11	4	21.052	1
2017	1	26	11	4	21.055	1
2017	1	26	11	4	21.063	1
2017	1	26	11	4	21.071	1
2017	1	26	11	4	21.079	1
2017	1	26	11	4	21.089	1
2017	1	26	11	4	21.096	1
2017	1	26	11	4	21.105	1
2017	1	26	11	4	21.113	1
2017	1	26	11	4	21.121	1
2017	1	26	11	4	21.136	1
2017	1	26	11	4	21.139	1
2017	1	26	11	4	21.152	1
2017	1	26	11	4	21.155	1
2017	1	26	11	4	21.169	1
2017	1	26	11	4	21.172	1
2017	1	26	11	4	21.186	1
2017	1	26	11	4	21.188	1
2017	1	26	11	4	21.202	1
2017	1	26	11	4	21.219	1
2017	1	26	11	4	21.219	1
2017	1	26	11	4	21.221	1
2017	1	26	11	4	21.229	1
2017	1	26	11	4	21.239	1
2017	1	26	11	4	21.246	1
2017	1	26	11	4	21.254	1
2017	1	26	11	4	21.268	1
2017	1	26	11	4	21.271	1
2017	1	26	11	4	21.279	1
2017	1	26	11	4	21.287	1
2017	1	26	11	4	21.296	1
2017	1	26	11	4	21.304	1
2017	1	26	11	4	21.313	1
2017	1	26	11	4	21.321	1
2017	1	26	11	4	21.329	1
2017	1	26	11	4	21.338	1
2017	1	26	11	4	21.346	1
2017	1	26	11	4	21.354	1
2017	1	26	11	4	21.362	1
2017	1	26	11	4	21.371	1
2017	1	26	11	4	21.386	1
2017	1	26	11	4	21.388	1
2017	1	26	11	4	21.402	1
2017	1	26	11	4	21.404	1
2017	1	26	11	4	21.419	1
2017	1	26	11	4	21.421	1
2017	1	26	11	4	21.435	1
2017	1	26	11	4	21.438	1
2017	1	26	11	4	21.452	1
2017	1	26	11	4	21.454	1
2017	1	26	11	4	21.469	1
2017	1	26	11	4	21.472	1
2017	1	26	11	4	21.479	1
2017	1	26	11	4	21.488	1
2017	1	26	11	4	21.496	1
2017	1	26	11	4	21.505	1
2017	1	26	11	4	21.513	1
2017	1	26	11	4	21.521	1
2017	1	26	11	4	21.531	1
2017	1	26	11	4	21.538	1
2017	1	26	11	4	21.546	1
2017	1	26	11	4	21.554	1
2017	1	26	11	4	21.563	1
2017	1	26	11	4	21.573	1
2017	1	26	11	4	21.579	1
2017	1	26	11	4	21.588	1
2017	1	26	11	4	21.596	1
2017	1	26	11	4	21.605	1
2017	1	26	11	4	21.613	1
2017	1	26	11	4	21.622	1
2017	1	26	11	4	21.636	1
2017	1	26	11	4	21.639	1
2017	1	26	11	4	21.652	1
2017	1	26	11	4	21.655	1
2017	1	26	11	4	21.669	1
2017	1	26	11	4	21.671	1
2017	1	26	11	4	21.685	1
2017	1	26	11	4	21.687	1
2017	1	26	11	4	21.702	1
2017	1	26	11	4	21.705	1
2017	1	26	11	4	21.713	1
2017	1	26	11	4	21.721	1
2017	1	26	11	4	21.729	1
2017	1	26	11	4	21.737	1
2017	1	26	11	4	21.746	1
2017	1	26	11	4	21.754	1
2017	1	26	11	4	21.762	1
2017	1	26	11	4	21.773	1
2017	1	26	11	4	21.779	1
2017	1	26	11	4	21.79	1
2017	1	26	11	4	21.796	1
2017	1	26	11	4	21.805	1
2017	1	26	11	4	21.812	1
2017	1	26	11	4	21.821	1
2017	1	26	11	4	21.829	1
2017	1	26	11	4	21.838	1
2017	1	26	11	4	21.852	1
2017	1	26	11	4	21.854	1
2017	1	26	11	4	21.868	1
2017	1	26	11	4	21.871	1
2017	1	26	11	4	21.886	1
2017	1	26	11	4	21.89	1
2017	1	26	11	4	21.902	1
2017	1	26	11	4	21.906	1
2017	1	26	11	4	21.919	1
2017	1	26	11	4	21.921	1
2017	1	26	11	4	21.929	1
2017	1	26	11	4	21.937	1
2017	1	26	11	4	21.946	1
2017	1	26	11	4	21.954	1
2017	1	26	11	4	21.963	1
2017	1	26	11	4	21.971	1
2017	1	26	11	4	21.979	1
2017	1	26	11	4	21.988	1
2017	1	26	11	4	21.996	1
2017	1	26	11	4	22.004	1
2017	1	26	11	4	22.012	1
2017	1	26	11	4	22.021	1
2017	1	26	11	4	22.029	1
2017	1	26	11	4	22.038	1
2017	1	26	11	4	22.046	1
